20 5
0 308 18346 28069 25456 26786 12916 31581 27225 31873 14522 6571 8778 25254 1981 31365 8323 11395 2391 6071 
308 0 30502 5159 25788 10066 3672 9800 24329 20151 16150 22342 12673 20964 15525 15915 27361 16336 30794 552 
18346 30502 0 8742 12211 10076 1724 1743 5772 22132 14737 26791 26756 18114 2402 1029 29377 20682 25196 26129 
28069 5159 8742 0 19584 21005 17555 3261 29531 17303 21613 24057 665 28681 11746 18995 1550 25927 27844 17943 
25456 25788 12211 19584 0 22152 21549 27734 15793 3110 26162 28858 7903 695 21252 25671 28618 20350 13770 15005 
26786 10066 10076 21005 22152 0 2583 17742 4082 23910 18140 5966 1688 8191 6589 29514 29574 30454 183 14053 
12916 3672 1724 17555 21549 2583 0 22309 28556 4758 8108 24816 16245 28319 25719 16355 15626 15951 7095 4762 
31581 9800 1743 3261 27734 17742 22309 0 12903 7453 11916 8558 13527 21905 16681 21121 22049 15532 18470 25597 
27225 24329 5772 29531 15793 4082 28556 12903 0 28170 18643 9454 10 1034 13396 31985 12098 31872 28242 27931 
31873 20151 22132 17303 3110 23910 4758 7453 28170 0 27980 22490 4803 5056 1255 24609 13505 7653 1875 3060 
14522 16150 14737 21613 26162 18140 8108 11916 18643 27980 0 14621 22697 4977 31746 22906 23892 6362 15175 19145 
6571 22342 26791 24057 28858 5966 24816 8558 9454 22490 14621 0 9999 13215 5136 28611 22274 14005 29806 25582 
8778 12673 26756 665 7903 1688 16245 13527 10 4803 22697 9999 0 13403 1487 31835 10914 22059 27838 6949 
25254 20964 18114 28681 695 8191 28319 21905 1034 5056 4977 13215 13403 0 1884 23447 20141 24289 27508 15186 
1981 15525 2402 11746 21252 6589 25719 16681 13396 1255 31746 5136 1487 1884 0 25009 16319 1029 23082 12923 
31365 15915 1029 18995 25671 29514 16355 21121 31985 24609 22906 28611 31835 23447 25009 0 31003 19606 31399 16063 
8323 27361 29377 1550 28618 29574 15626 22049 12098 13505 23892 22274 10914 20141 16319 31003 0 25611 6804 22522 
11395 16336 20682 25927 20350 30454 15951 15532 31872 7653 6362 14005 22059 24289 1029 19606 25611 0 4933 24990 
2391 30794 25196 27844 13770 183 7095 18470 28242 1875 15175 29806 27838 27508 23082 31399 6804 4933 0 10103 
6071 552 26129 17943 15005 14053 4762 25597 27931 3060 19145 25582 6949 15186 12923 16063 22522 24990 10103 0 
