200 130
0 14140 5331 23044 24705 20539 29509 21250 4010 2584 22254 30726 22068 2645 27061 28091 16624 11595 19927 2468 17924 804 5349 19476 20715 18142 16321 29238 16243 27982 18340 26374 24253 7195 5403 18006 28992 9151 5 23754 11206 3721 21142 11739 12141 5277 20311 26583 5543 8690 9508 29407 25658 21330 29228 25832 7233 31069 20468 1979 9513 6279 16724 20469 24244 23829 15992 28423 7672 13092 12768 17462 8545 11938 30049 23707 8107 6738 23329 31780 16105 28364 8606 6802 6785 24187 30375 22393 14893 18077 1633 4675 7675 14405 23876 20268 12877 30044 3099 20295 22745 30364 1799 375 26026 25235 14972 631 7966 5030 2114 9683 14309 4619 15222 28652 23304 7373 6790 7159 9695 9164 21816 3326 8729 18362 5795 23773 20153 23839 28724 23622 8211 26965 29098 2494 29650 9613 5914 4509 9717 30152 18667 22290 30156 31454 27355 28956 9216 890 20472 10130 21640 2331 15016 27932 10677 16149 24482 28983 12071 3214 26866 4404 26069 897 28664 21817 17417 27070 873 1343 11360 16104 6988 3602 29646 10869 11006 5716 26520 2737 5422 29306 16728 27579 11234 12493 11517 5766 13936 1898 18632 30169 27525 24642 10319 14159 30498 24346 
14140 0 6212 2172 390 24931 1543 11342 26499 23932 28989 25137 17651 27298 14029 18663 10575 17385 24645 29525 24503 7049 15318 29830 29165 7645 19026 22181 8791 29029 19252 7686 26111 15555 13975 17948 30357 6080 15677 19074 17259 5959 19336 7670 29047 19047 2435 10840 26451 15700 20952 22190 16702 28774 17370 1825 21531 25623 12668 4352 13168 4103 10326 18875 10343 24571 28326 1000 14288 17880 3148 833 8732 9387 13771 2978 23905 22947 25678 22542 8539 16916 18847 9129 21864 12149 19760 6846 9610 28001 5397 26298 28008 18328 31239 12590 19789 31486 7265 5327 6181 18330 17957 10616 22917 24215 2295 1062 24227 28997 9759 11769 10841 11031 8330 12344 29989 11174 12488 2892 15403 4779 19214 14019 11312 29704 7989 10830 12446 26302 4792 20930 28038 29430 18104 6425 17816 8444 6906 23921 20012 27198 8678 522 23355 20048 11401 21835 31077 15849 17554 11964 28908 9958 12119 21516 17078 28229 26577 3595 10317 31018 10906 5808 5857 9181 25589 10259 15428 16072 17605 29555 1259 7548 12435 10800 4082 1964 18059 27600 15128 16175 24958 24061 8126 1537 6112 6788 3307 3905 13003 12886 3401 3635 15609 13962 25639 11582 30412 12119 
5331 6212 0 15728 26325 15815 15621 28009 16530 26454 19211 28825 354 14327 1182 1700 13448 31212 25437 18664 3965 25386 4379 16243 24558 1627 18910 19464 8378 21211 30432 13855 25078 9916 8848 9444 24810 14020 28560 8758 30226 8300 12470 6823 8480 24033 19980 23167 31223 20996 22994 5819 18608 15467 1912 23304 27286 16224 9639 8651 26411 24542 11575 15386 25635 2201 13624 25538 11109 31477 30188 13632 9487 27148 20168 10698 23921 24490 14968 8262 2062 19282 22489 22351 28065 31800 27135 29493 2579 10822 21807 30715 26759 25626 7908 19544 18256 9988 27340 14008 31223 18186 2505 24634 312 997 24306 22450 28676 29699 145 2983 3966 8070 5925 18260 14336 24385 30047 16808 28437 31423 5415 3655 23422 6461 1430 8329 16942 15277 31995 20855 3152 20147 23512 23763 16702 7849 6883 24079 4746 21661 21512 21331 18935 1359 19299 7546 23422 7222 24649 31250 22859 28026 6462 5473 30398 13048 6141 27740 3693 67 9589 28080 4895 19360 11208 25019 8656 29703 13900 29585 30130 14374 29068 13306 28967 13151 12613 4208 5322 26310 24939 22820 31845 14630 6948 18167 29690 27388 4042 27779 24508 10360 6123 17681 18452 29824 11593 10402 
23044 2172 15728 0 26246 3302 27748 14358 6319 9423 28255 16376 28513 30748 8703 21729 11092 2163 28603 2552 10816 13054 29967 21483 30948 19309 29307 7659 21249 3314 21634 12715 5980 5956 12460 18789 19904 30622 17798 2518 12283 11197 158 31037 6877 4070 28552 5985 5949 28127 22492 15497 22260 754 7990 14211 15073 25838 21558 15262 18148 9766 14206 26289 11748 13425 11448 17426 18635 28201 17294 17312 8069 7981 14257 17083 23813 29152 27348 2376 24128 2600 28078 17327 9777 25713 30460 4573 24020 30377 27006 29251 24621 6978 20726 22997 11839 4403 25133 7949 28437 2040 238 742 31678 5775 12554 12514 21321 15994 11091 16902 7630 27584 19362 14041 11366 29932 7378 30570 31790 6925 19651 23624 14665 949 15193 8840 12252 16892 27515 28355 23312 22139 4629 22806 25108 10578 1048 23330 5402 2595 17782 23562 26454 13077 2343 11641 1027 19411 8743 2202 12382 25483 5494 4382 26282 29681 3607 21818 18987 24890 24595 20647 9260 30498 4468 25506 26362 28391 17739 23530 14055 26956 21419 28358 22600 29080 15021 16125 16760 149 8555 21468 3797 28051 22534 9525 1471 3172 23968 3931 6044 2398 22371 22824 24279 1116 5754 14839 
24705 390 26325 26246 0 289 18040 16866 27897 1283 19127 14424 20000 19451 8073 7809 4179 29224 6437 29704 20243 9538 24277 21294 500 7824 28152 24261 25758 12018 5121 20790 5327 14553 26742 29564 29015 12361 25074 9766 15130 6878 16675 21080 30481 4035 6604 31690 2377 14268 20419 14279 6627 20510 8179 10031 11538 10193 4444 629 5920 7252 270 4258 31081 8121 7217 11600 20829 13733 25344 17839 25474 29521 11209 22660 19823 1419 5871 30244 31187 7861 6888 17277 11372 3781 318 28941 28687 12611 24721 18921 11942 30286 11155 9399 6445 25239 7179 27060 14005 2403 16851 7087 24929 3213 730 17163 18027 9602 3874 1473 24607 8003 27842 4699 478 21350 30693 12026 17948 13077 22985 13137 9827 15118 3777 2215 25422 31905 24627 9944 6542 8372 29594 7508 11496 21954 15237 2591 23092 26583 30614 7375 12639 12694 17284 6545 3946 7219 1304 21284 9321 9593 29235 13276 29572 23748 8135 12704 22009 26120 25561 22252 28440 29640 29574 17104 15173 19744 20730 8942 1018 18363 20090 13952 25282 19933 5211 20815 19775 23386 6152 22717 804 157 9472 17339 5179 22178 22229 6867 26208 5884 7982 29984 13700 207 14790 1873 
20539 24931 15815 3302 289 0 26664 1879 7359 7783 5607 11747 10272 13088 12626 24531 28347 30206 23516 7649 625 13804 20569 15019 651 5050 24578 27059 12466 3613 30836 14686 26615 31660 9136 3320 8139 5859 31770 8877 24582 25378 17533 5775 21987 19886 19716 22934 16897 5550 2113 15770 354 21037 31017 26201 1902 31517 19220 22647 25584 24657 14016 28023 17943 10625 5198 23750 28021 22089 21058 13744 15362 18218 390 24423 10008 12677 16487 8706 16503 9637 21141 6010 13890 3765 4645 14253 19711 12229 27793 21854 26009 10696 29878 7730 31328 29335 20692 5299 8710 24814 16528 6480 1698 8301 8180 25690 28336 13463 24939 3846 17166 469 6601 369 31232 15987 27456 1174 12075 1184 8299 14680 3740 15729 4421 7805 24769 13789 13617 1968 4205 4033 8179 9085 5592 17629 30901 31575 2971 12243 3074 30357 8886 45 12492 20847 10381 15703 25448 8964 997 20384 14735 23125 12778 29756 23646 18250 20267 17988 5974 3755 4507 13746 18012 11559 17041 4200 26553 80 19912 31017 4890 14236 13663 30366 28815 25444 5336 24913 20622 27623 8475 27828 5104 5190 11123 10777 13553 29064 7822 31930 19763 662 31616 11953 4027 3903 
29509 1543 15621 27748 18040 26664 0 2471 12415 2949 26037 9952 30723 9568 20330 22918 14743 24155 9880 18460 23689 24049 14151 22168 21276 3092 21108 12131 3720 3623 19216 14939 31734 20481 29440 9683 6534 1007 9244 23951 21834 5040 12594 5834 11850 12921 29954 15922 7295 21488 20290 3304 7386 12083 7065 29570 11837 14544 14245 12811 20863 11211 2295 15615 3178 925 28179 21074 23997 31026 21363 28776 21036 5352 7810 22812 28509 4244 13987 3771 17131 28543 2858 20743 22117 31586 1887 11318 15181 15216 7040 25587 539 29770 14782 2137 14905 14090 22076 24061 31494 19515 26389 30947 24022 17884 25685 10885 30702 29539 18428 466 26250 27318 3584 20778 17880 561 12618 13412 13308 19108 13493 458 20748 9300 6677 20505 16915 9975 25132 644 11024 12475 6323 12464 12790 24637 16217 16054 428 6804 25277 20006 16652 31813 4469 17409 8677 29006 21256 17852 20218 8222 15605 15425 31491 27800 23980 20719 23209 2581 19345 28822 8588 23905 7166 19326 1342 7611 25408 20319 15687 14040 16534 12392 2337 24030 19511 24635 8507 2922 9803 6637 17912 28556 27375 20488 14766 3271 16691 16778 15785 5908 18717 26596 6184 3806 10917 1534 
21250 11342 28009 14358 16866 1879 2471 0 14012 1437 21407 11739 11009 21742 11595 20549 22094 18419 17596 20769 19342 2169 4734 8348 9327 2189 4834 29735 1124 2180 20220 21879 6305 4341 23716 4231 6946 29370 22646 14738 19621 20468 26834 13850 31404 3332 16606 12517 31870 22164 6784 8187 13092 11660 14693 16811 1644 21022 28157 8836 26602 21948 5502 5212 23538 4637 3549 13389 26528 9789 17625 27315 8146 602 13553 27441 7465 22777 23658 12714 2061 12511 18763 585 4007 20506 4193 27002 27877 19958 19772 18415 26746 2569 11824 15773 20188 10537 25174 14525 30277 8561 11145 28621 17587 11840 19563 26509 9193 22075 6751 27139 2668 27463 27533 3961 30088 2704 11234 12922 30026 4998 17677 473 7556 14044 13188 27563 2253 28040 30589 13640 24191 31686 9207 24655 21944 28182 18864 17056 10586 7226 3885 29793 7692 9018 7094 24315 1335 28256 9815 12570 14091 14141 27873 25009 7032 30372 15592 14581 7734 31146 25796 16734 14271 21165 17809 21418 27216 23627 17456 5082 17645 16231 21060 26676 23131 27176 27446 3648 19748 7162 5938 31948 18071 21388 24361 2024 31174 25553 25038 14827 10632 25857 16794 29806 6517 14998 10952 24909 
4010 26499 16530 6319 27897 7359 12415 14012 0 9754 1714 6588 13445 1091 8006 28279 21551 4948 3020 15676 4128 22822 17377 24525 6046 20707 30198 11071 20676 25100 1104 24060 21889 26997 30217 12739 28056 13895 6157 18855 6049 1789 22046 16652 31239 3176 23504 8877 31496 27051 653 26776 11192 14911 20114 2095 19198 751 1007 23081 20885 15068 2955 14479 26124 20859 2078 25535 25286 9618 18997 5996 21242 1342 22833 30108 29363 12528 27207 8617 13521 24171 26241 8768 14086 13767 26556 30308 19930 19313 15272 5484 424 11304 24011 23040 1438 20738 894 8224 17345 11108 2541 10781 23014 6413 2075 12957 5817 27148 17116 25499 29626 26309 13785 23653 10811 17391 2703 11164 6243 10393 6992 20279 21293 11808 30272 15744 9833 24634 24665 22805 2234 16366 18791 31208 9366 15001 21772 27199 22602 13035 23229 25525 13811 31464 25283 5430 31365 23783 10555 6663 8135 3990 6167 1467 17493 14579 19738 22591 17308 30548 7391 3279 9953 23392 1746 1278 10299 25107 15925 6834 13716 190 11548 6692 28076 5637 26737 16100 9749 30943 16113 14804 23608 30104 10796 11048 19022 17618 22409 9580 21863 4480 11072 11645 6503 30185 13406 14990 
2584 23932 26454 9423 1283 7783 2949 1437 9754 0 23283 26911 28910 10247 12255 326 9595 28630 5117 5549 16912 30375 22976 29310 15215 1461 21437 8840 31360 6368 18606 23870 26703 28078 31087 8630 25099 70 9987 7850 16904 30325 910 16761 22973 17324 15963 13093 30661 2047 1751 21077 25824 7975 31379 15443 24818 9087 16452 17421 10498 25865 27077 30743 28219 29289 3858 9639 25837 4839 13902 18839 13707 16496 26813 9573 685 14740 10697 11572 26127 28552 28160 5067 31887 5412 12306 16788 22321 3301 22742 23965 285 30700 21573 18330 31135 14587 1405 6111 18725 24445 17342 8041 25411 16254 26991 27348 16048 24494 18456 17765 17993 2145 10344 11521 25100 12688 19759 23346 29725 6103 30308 18472 22724 10872 24095 8629 25451 5974 13727 20046 25763 16890 10308 29455 10015 19600 23444 28087 27062 4585 29241 21670 28260 8825 2303 30437 27464 19801 11738 25118 5029 7493 29149 22942 3812 20382 24642 23641 1168 25448 30824 9444 4952 4172 14799 9083 21519 16534 6173 1788 23726 9014 1051 13289 14927 6594 26038 19817 28978 16752 10241 12102 2234 29471 9265 27374 29551 17231 13215 21365 12285 31011 10697 28305 10291 8292 20815 924 
22254 28989 19211 28255 19127 5607 26037 21407 1714 23283 0 21464 21962 26109 29264 25072 29898 13265 22291 20127 14397 27631 5706 16280 1235 11110 25537 31685 8691 10103 24311 28992 15541 15513 1057 11355 25063 26742 11300 22427 1035 19694 7069 18359 27733 10769 28890 27803 21935 24871 13792 23912 20918 31401 19301 20339 22460 8263 31445 7236 16837 5857 28751 15255 18829 19088 14246 19548 3710 19357 15459 3768 3260 18566 20415 24067 9755 5118 9643 17098 7973 7916 20170 24012 7191 360 17523 30463 9186 28355 23730 30602 8236 18302 21317 27082 23118 1103 17313 31055 1109 16161 11244 30174 9987 15378 27138 20591 14029 23157 17523 6957 2013 8400 23425 2427 19215 12509 14372 28651 7414 21387 16391 19783 28886 29435 16010 14474 10409 7557 24256 27877 31260 31155 12657 19644 3216 24130 9239 21928 22556 14886 2530 11381 18055 8324 5557 5156 6992 17848 23848 28904 31144 1358 23430 20778 28788 21259 26831 23430 26702 20451 17077 24013 12162 14338 1696 18179 28947 26821 12716 10080 17334 26304 10663 12370 6099 21688 12566 14199 16521 30375 27951 13220 30376 14269 26846 15587 21942 7771 3778 3950 21997 21784 9774 1463 21817 11710 24363 7778 
30726 25137 28825 16376 14424 11747 9952 11739 6588 26911 21464 0 30292 12034 5073 11066 19275 10750 4523 17790 4101 25547 18948 20039 13659 17938 18484 8573 7333 23932 31769 16656 3012 26043 17938 24049 13081 17283 26629 21012 12428 1162 5979 8310 2439 23692 26623 29201 11001 13386 25699 9450 28501 5255 30844 13317 7825 12810 194 19564 24360 28064 14386 17452 19993 21528 20556 6744 27110 6213 24342 29702 8599 5633 25881 11086 17845 21797 19807 14159 6737 3219 27260 16682 17660 4909 31875 6917 23500 28380 11788 15626 23646 21642 3638 20071 11983 7209 6560 8012 8899 18091 14191 9713 29279 1801 14667 1934 18512 12350 22627 3938 12482 18249 15205 13486 9578 30511 28040 6840 2686 6647 27268 2761 11192 10668 5524 30511 16984 21088 13947 1853 28448 26917 2173 31047 16470 27667 10339 18855 10438 1349 9081 4540 2238 476 27536 5862 10257 24060 25340 19085 15381 17611 20631 18968 24998 1142 26046 22774 8994 5164 16720 26265 27756 6689 26291 3703 8170 25229 18895 3848 31624 26796 17170 21964 14003 19901 6251 31811 25695 23556 29775 17652 3586 3272 29880 6247 7064 31062 7202 2859 26014 29437 20877 23250 12824 27409 28543 29681 
22068 17651 354 28513 20000 10272 30723 11009 13445 28910 21962 30292 0 19713 25656 26818 18690 29720 247 31442 12241 288 12868 27845 2602 6978 22202 13835 22706 17847 23434 7722 13986 21454 16246 16314 18377 26858 4823 2919 18311 31617 29848 15347 723 21789 8504 25905 21045 3935 22476 27402 11212 5111 29947 1147 3657 8877 25600 12949 3314 19291 8619 21115 19616 28912 14687 4455 2497 18799 19989 26278 2390 22509 5208 10391 10230 30102 19527 29103 21449 20136 20629 15224 3981 23670 2700 18061 26261 28262 28421 11423 1220 9972 4978 21619 6294 29357 4052 31458 27416 7476 5829 12247 23018 13888 26991 19796 20036 10651 24722 2413 17902 12324 24706 24907 20550 21966 25127 12586 4413 31134 28667 7259 14426 19889 10511 7234 4022 20788 14341 31321 27133 22889 24343 22828 14195 3753 29198 9562 28141 25436 22092 7834 8403 10498 707 22451 26917 29997 31227 14722 115 15492 24336 30456 8930 15042 23217 7961 10798 1205 11554 2046 31650 31039 9530 24020 5921 22104 9830 9690 545 8457 9636 11366 22954 12658 10632 5857 21083 13765 19002 22470 11365 11337 13429 15014 14733 25432 9098 21799 24622 608 25691 5632 6965 29925 23392 13823 
2645 27298 14327 30748 19451 13088 9568 21742 1091 10247 26109 12034 19713 0 26892 30864 24563 30162 31298 1757 24164 18669 9636 2326 13593 562 7323 17616 25518 4133 28278 7167 19107 176 2918 1025 8028 29984 12161 3731 28449 13349 31426 26328 11037 4564 26631 22360 4962 423 18192 15869 17890 4219 17029 5399 15990 25743 24560 27992 19930 17291 701 31191 8878 1653 23872 1040 16501 8124 2990 26081 2968 8496 29473 9358 14947 13062 25239 20412 25605 6616 30706 7288 30611 12450 12792 20528 16132 28356 24916 21175 22837 26629 14994 8772 17893 18061 17445 21362 22969 19946 25187 7489 18232 24075 21638 18194 6350 28742 12716 15021 12492 6740 26839 30013 20325 1362 18925 5714 4018 30401 30391 19165 24237 22150 29156 25909 4152 7402 5638 19991 17430 23449 4754 1953 240 18085 29923 10837 7248 9603 11063 28187 19623 22796 28591 10045 9034 24956 25426 14956 1647 21877 30985 11961 14132 25852 1187 8603 21656 23673 10449 18927 21886 8634 27690 31473 2991 12527 12327 9286 7640 9646 10278 17909 4999 12783 25962 1384 18737 9232 22296 6255 31021 24785 16699 21564 14521 27736 17087 10854 28403 24877 21880 8169 26336 29501 19995 22050 
27061 14029 1182 8703 8073 12626 20330 11595 8006 12255 29264 5073 25656 26892 0 15458 20585 3769 12879 8538 9557 16373 489 23908 8576 19812 7752 30782 981 7550 2259 30876 18612 5553 99 26404 13809 8284 1863 20080 19412 10709 24640 15121 20760 8294 6020 15240 19694 29001 28092 24652 2554 5297 29448 16073 4178 30147 29176 26717 11907 5014 30867 30299 29582 23864 22610 1034 13541 21162 8995 9636 624 27873 11112 31322 12172 11461 2551 9804 22024 3892 5401 17299 20521 5630 26253 30521 14501 17639 24197 26685 27305 9386 6821 15505 2772 14834 30217 7197 29243 4449 6973 12476 19558 13195 26180 10556 31055 12538 1428 13152 9575 6441 22806 479 13459 31370 4904 17252 21544 28290 6813 12685 29173 2666 8121 494 16184 24462 4919 26894 10917 4144 9797 10598 26212 12675 19844 30823 27408 25522 16650 7283 28347 18648 30306 20192 27367 519 11401 22266 7309 12100 23024 30719 31512 30855 16766 31267 19816 2749 24717 10124 4560 2247 31466 18004 2586 8314 6103 10124 15232 414 30219 6197 28339 22514 9902 26438 12246 23076 27743 27563 17794 15067 22832 30787 16321 11951 14758 25823 27668 27693 7611 2887 24175 12758 21981 16693 
28091 18663 1700 21729 7809 24531 22918 20549 28279 326 25072 11066 26818 30864 15458 0 31290 1837 17240 19043 17739 29955 25640 13253 6952 3776 2840 2517 7627 14626 6790 23408 14964 28327 17939 19001 10662 13205 3236 30870 26920 4083 12130 7089 18438 6287 16571 26233 22414 27639 7007 9375 30548 14465 24389 8090 21039 11588 164 12453 22586 2333 12283 15036 18389 4524 29195 10916 10147 6485 5849 29665 18059 31041 11693 7358 16824 7515 6678 10569 31641 27732 1253 12373 10210 26016 24366 20343 14730 3191 27467 12554 29899 26582 12505 1581 26918 6013 31930 2496 27486 13807 28690 876 7801 28789 28235 16792 26563 284 10514 8821 972 8116 5977 2036 26725 6608 31571 24012 26024 16585 26748 8822 3566 29372 13455 21041 14551 6792 143 31743 4678 9169 13760 14502 2147 3329 3755 9393 21657 22595 2079 26990 406 6791 27179 16366 22094 26241 20006 25097 28921 25770 4007 7256 13586 16703 21134 15417 19287 12862 3835 8656 11724 30573 31058 12545 7096 24660 8254 23160 8103 16446 19372 7074 3944 29756 6860 29362 2317 26915 27668 29598 29423 4747 29246 13856 1959 26575 9541 22710 15126 30224 17005 3235 22623 20018 22585 1004 
16624 10575 13448 11092 4179 28347 14743 22094 21551 9595 29898 19275 18690 24563 20585 31290 0 31720 9416 29406 14338 23535 20932 13012 12745 21525 29105 31541 3121 14311 15684 23864 5463 3014 22912 5353 4266 1256 25538 3878 12526 3157 26807 27811 7739 15339 26464 2022 27902 24922 20757 23883 11511 31528 2430 11264 21561 15278 24731 22538 21549 793 9406 574 3471 25194 2699 28745 19823 10102 15358 10920 23601 17638 22629 23472 28301 26423 28258 27272 11920 27579 490 27689 12952 24727 72 10597 2395 1986 20250 6364 11745 19980 18770 25864 4997 23828 13878 28467 6648 3153 20321 18043 5694 24074 17344 10964 19631 5213 12693 4102 30454 5692 10615 6826 16661 1130 11856 9009 17247 11650 13661 13021 3708 5872 9777 1734 8041 28918 22450 2518 26741 10409 6426 23245 20804 20465 8952 20286 11727 13708 9772 26512 17506 21259 17134 23293 20637 22739 3783 4502 116 10269 2965 8508 27439 20470 12427 22184 10602 6463 26415 12900 14101 29870 3674 24528 2932 4811 27452 17438 2592 17908 17493 28502 3076 8281 18044 11090 22881 23553 5852 27074 13003 27843 18161 22825 16937 29772 24719 21214 10680 18463 23772 25612 30728 27536 10065 19891 
11595 17385 31212 2163 29224 30206 24155 18419 4948 28630 13265 10750 29720 30162 3769 1837 31720 0 22661 28665 27773 5538 569 26222 18283 655 21051 16676 25919 10034 20837 10383 18662 3281 15157 16197 10992 12501 1742 9474 31890 4300 24823 28070 28836 7783 15130 12341 27811 18555 13893 29141 5295 30722 12843 15826 16269 4889 18211 4252 2213 28162 18726 24774 15107 26147 17620 10247 25433 18948 622 20028 18170 25172 31964 15971 24799 29923 30375 22432 27300 16808 25087 30267 22155 31931 27830 28830 20343 23898 833 5978 15345 3815 16828 12065 15141 13288 3045 31948 10212 28420 29215 16982 5538 23819 19568 13022 20600 4589 8834 424 25378 6336 14244 22043 4353 31166 3529 23234 20505 15683 22918 11854 23314 22994 5143 26257 8762 18704 25434 7300 19328 30918 13521 22337 15994 22241 9635 9223 6239 17780 4506 316 12043 9140 3364 26469 5889 18426 25941 21039 6755 2243 10467 11881 16122 11698 5671 25350 17971 395 10786 22301 10783 16440 7540 26091 7538 10439 24165 26575 3715 27497 7390 12108 9297 15219 14447 1546 16762 15711 21067 12244 1092 5579 17478 28058 15768 23927 8412 31342 769 12362 13100 2953 6576 6989 1271 18247 
19927 24645 25437 28603 6437 23516 9880 17596 3020 5117 22291 4523 247 31298 12879 17240 9416 22661 0 17489 11210 2867 197 6660 15870 8042 12420 11721 8569 29934 5570 450 1208 24570 3799 29125 14190 4478 7759 18523 12417 6685 26603 9920 1291 28717 13984 5095 26715 28604 28052 30325 15092 20871 7462 8386 29323 12546 27365 14557 12811 3157 11413 20615 13458 16731 19760 22837 23666 5795 25056 10000 12339 11377 8455 27382 20877 3004 23609 16761 3185 6703 4670 8412 17663 9002 22291 25115 3215 20927 27624 18146 3242 14007 12321 27282 5647 16269 8535 20801 6832 16240 24917 23480 11700 26947 14621 20597 1653 21918 3299 21928 30594 31179 25103 29752 924 13259 26685 6845 15546 15185 27198 4486 25862 12484 22293 2450 23775 5184 16124 5016 9688 17811 21343 8962 24501 3393 27102 3563 21619 3458 31054 2598 26942 20033 7350 12344 10874 15644 2643 31578 16316 9320 8085 19578 30672 12588 23330 24121 17843 29476 24528 21484 14232 24509 28334 12445 742 18717 27897 22281 30773 25625 24872 4769 6230 19263 29411 2187 29513 30156 28165 17313 19527 17332 16288 13422 31672 28319 29431 10293 1851 7144 15747 20204 2467 18334 27888 15930 
2468 29525 18664 2552 29704 7649 18460 20769 15676 5549 20127 17790 31442 1757 8538 19043 29406 28665 17489 0 1889 6030 13227 12211 8502 6599 2168 16227 11336 9783 29773 31614 1903 15720 20806 15759 14216 19045 6527 16549 28786 8896 28699 12370 4625 909 11582 8109 7244 5221 17940 3153 16655 26469 25033 23389 23371 31789 20623 25203 28401 14819 2972 23482 11259 27694 12842 27613 25956 21052 5494 9482 9004 4029 10690 31476 3414 12262 4693 22482 30699 11888 6262 1887 26869 27543 12661 15577 2437 14365 31651 7939 10414 17989 17493 13860 18312 14553 30950 30726 4143 6693 15283 18425 20419 23547 20254 27342 2151 24750 10125 6365 22850 28439 23657 26880 6530 15252 14111 26775 15700 24325 9251 2435 27374 25294 15337 8748 29063 14297 17131 31100 18778 13970 9895 17377 5031 9449 31391 5968 6834 12372 1879 29758 21699 28876 12123 20134 25638 27596 3384 30982 5161 3670 23423 14691 21281 10734 2503 14145 17510 925 9384 2733 11859 16881 27329 12340 841 31736 18099 5353 23465 13129 17956 2660 1246 19197 9662 19647 26193 6574 18479 2200 8819 22399 16168 18706 30136 12309 16991 4052 21655 12439 13709 15625 21388 21426 9585 9312 
17924 24503 3965 10816 20243 625 23689 19342 4128 16912 14397 4101 12241 24164 9557 17739 14338 27773 11210 1889 0 28151 3301 22019 11094 30211 8883 13392 19723 24505 13948 14778 3175 23716 6303 17109 15511 13027 26258 15821 3287 14122 6621 10845 29563 21185 28700 6617 17898 899 2304 12069 8349 20447 17743 8635 29476 23514 25823 14248 2338 22283 29855 19343 28492 1437 21646 18853 5997 14160 13505 12211 13412 22137 6241 3351 21796 23549 21163 707 22707 21081 4078 17212 28204 21917 17296 6299 6845 5740 15624 21903 11689 20734 6373 26458 20294 23582 17350 18895 30720 7468 864 2650 29524 2075 25723 17656 23765 9587 21236 12346 9003 4688 1212 3654 1295 30561 31960 13013 5200 6890 8287 2358 13776 17859 5503 2121 8583 24150 23415 15236 23679 22949 18334 17138 17622 15937 31066 19759 1471 9299 26922 7533 6785 13719 23708 1394 21622 12379 27735 26775 22541 24965 1811 17610 6600 11658 25243 8333 23358 1143 5842 5877 14874 26603 31915 21675 7706 29723 20271 7661 16913 20685 4218 16270 14053 14173 5566 8434 23185 29371 2622 13587 24868 25962 26196 1662 20160 131 31596 11094 30620 16559 26630 20815 2306 16432 7607 14260 
804 7049 25386 13054 9538 13804 24049 2169 22822 30375 27631 25547 288 18669 16373 29955 23535 5538 2867 6030 28151 0 22684 3455 21126 16054 31744 13539 17308 28133 28996 31467 4391 20577 13483 7907 24669 11304 22749 12026 30933 8732 4836 7492 14478 11780 10286 12475 5095 9864 144 3640 7079 14903 5953 12157 31222 29315 1754 27694 30817 14018 91 30418 29658 16430 20007 22998 26036 10469 23045 30600 24745 24553 9249 4894 5078 13599 17160 16048 16828 19026 27822 28728 20287 8752 28777 30104 14250 5195 14070 29843 4008 21272 16242 28113 1356 28402 10338 15583 24585 20503 9899 5419 2488 13992 2968 1291 30359 15788 16089 29365 17991 23308 18305 10311 9677 24471 17159 15295 24209 29694 26693 9986 22881 7896 3451 14553 5485 14494 6475 7662 10315 31406 5308 22482 18163 31051 7994 18681 16323 8346 29076 10426 30587 12709 25596 2387 29248 20059 25097 21730 19100 28812 29622 22124 13435 27888 15715 11736 46 28704 30418 21235 5227 1178 31275 7789 29770 1729 14327 15065 16968 13273 14119 13232 12614 9229 7693 26957 5001 17516 10592 7409 20923 24550 12859 24255 29671 7250 11037 9664 7039 29034 8169 14303 31321 15820 13798 15340 
5349 15318 4379 29967 24277 20569 14151 4734 17377 22976 5706 18948 12868 9636 489 25640 20932 569 197 13227 3301 22684 0 11279 24044 4335 5366 31543 25897 19524 27023 7931 22162 3446 14763 25784 12305 25690 8300 26941 28290 12345 15850 1741 6583 2001 14126 21026 12147 17749 12345 12135 14449 3179 20220 14907 15451 14379 15967 21683 17621 27940 10300 9302 23922 4952 14435 3104 5819 19004 8085 12929 31277 187 3467 1117 8761 23090 13295 10507 7236 18803 18783 4440 166 30916 1647 26756 25517 23519 8101 9794 25753 9201 20860 30393 7839 17053 23140 21895 11241 28664 30654 30138 11922 10125 27618 21463 18347 8024 30747 10709 7483 21452 25255 29217 20792 1999 28857 28825 4241 13754 27768 9875 294 9308 8704 21205 19915 21750 22878 156 10571 4670 26006 28568 16225 24158 6302 12780 17342 2804 16481 3632 26888 7697 13759 4464 26326 26428 19850 3116 29623 31086 24969 3927 19242 10261 19830 27738 10149 1043 27649 15889 17809 25022 8140 22218 26186 24287 17519 21067 19745 21429 16500 3275 15451 23538 30297 8181 30769 22202 20627 27626 19663 25513 13702 5950 599 26059 4240 31992 24542 931 19454 19092 14955 7719 23058 25090 
19476 29830 16243 21483 21294 15019 22168 8348 24525 29310 16280 20039 27845 2326 23908 13253 13012 26222 6660 12211 22019 3455 11279 0 31486 9881 22639 8220 16220 26558 2661 18655 12549 29426 26628 8943 13797 10434 1112 4284 15787 12032 27189 16376 16844 31169 16433 11419 17793 19293 10918 6113 21957 10355 23218 3655 3161 24803 4407 25746 1729 5587 4059 16585 28485 10155 10250 2870 753 18458 13552 29802 30358 28944 7041 1079 7624 26562 18290 30901 17375 14762 13373 27966 18935 15493 24866 15475 6128 5204 23841 3126 7279 10844 15874 19118 21212 13863 9038 14151 17251 14210 13908 21424 31221 30334 11558 28636 5445 3184 17562 9986 12747 20209 17994 22174 453 27359 1429 12399 14386 21083 22941 10359 6870 16330 12104 255 28730 14549 28992 16785 5290 3690 8180 17149 24374 22202 14741 9046 16306 31034 20250 18675 9911 9635 30782 26735 4512 19954 22909 426 1935 14441 7707 21446 6502 28044 30750 29995 25039 18214 12112 16773 2870 24899 2368 22978 15818 10549 22590 12310 14209 20112 355 30967 14865 21039 25735 15649 5113 31277 31305 17556 6775 23277 16140 10386 12175 19987 13813 18339 16139 30858 28399 20114 15991 19837 2472 12910 
20715 29165 24558 30948 500 651 21276 9327 6046 15215 1235 13659 2602 13593 8576 6952 12745 18283 15870 8502 11094 21126 24044 31486 0 10441 5672 30499 21088 23217 10215 6894 7491 7605 22134 25211 4144 31351 2300 31446 2167 30700 20085 96 5181 2400 29360 30157 29308 3695 28495 25123 7169 24332 28362 12993 11885 18558 20331 18261 1076 1118 8275 29924 8864 15258 8563 1478 17871 4724 18068 10919 23216 5763 14160 4743 522 19121 18710 21946 1909 10044 2089 2024 27999 4277 11169 8974 27912 24067 9321 7291 27270 24160 4415 21972 193 19803 16823 10512 29303 22740 15416 22908 17721 9219 13564 9656 9068 15985 5140 13752 27466 12285 28514 10692 13534 27864 6557 4472 16395 24969 2640 27589 1668 26346 28635 13037 11477 19240 12912 18314 4441 19399 24343 1416 15681 7067 16299 12838 28820 22992 18650 3576 7977 8419 9768 17128 25774 29094 12525 29488 7332 19264 30290 13154 18272 5674 14935 1120 8716 11570 26832 22884 5283 24700 10851 8440 15096 29308 20363 12287 25776 6141 25240 21418 5443 28445 7853 19331 30719 5966 27072 18022 30725 4951 26269 25986 11081 24144 25315 16221 21910 26793 24582 22221 29831 4644 4939 9983 
18142 7645 1627 19309 7824 5050 3092 2189 20707 1461 11110 17938 6978 562 19812 3776 21525 655 8042 6599 30211 16054 4335 9881 10441 0 30446 20372 13440 9479 16063 28195 2000 14407 842 30910 2087 31405 9139 10498 29308 25702 31809 27438 1767 9031 26209 28712 28070 7620 12192 7800 23323 30201 8116 4682 29131 4004 30835 9838 21600 30760 31705 28251 7334 2699 24580 15398 23440 18551 21818 5263 9524 31547 2273 14323 31689 9417 7300 9561 26542 30393 12756 4457 25189 27204 24995 26990 25235 11080 16874 23643 22785 7753 23747 19394 12444 25453 15469 21725 19319 22910 24398 20615 3015 5355 17387 20547 17637 24517 23793 8499 19790 18629 7470 17952 28581 4419 26775 887 29614 13119 10563 19785 6995 26460 14189 23625 7330 8670 27509 7889 11723 2482 6878 14556 31782 1125 3151 4108 13610 12330 1685 15524 29813 26327 18335 6285 23498 15848 3455 12372 268 121 1903 20265 28231 12879 25032 30944 13991 6350 18698 27891 22653 11267 23258 9085 21824 8858 13566 19007 9608 26856 26978 20637 14612 11489 3350 23456 31940 19489 9036 19445 23198 26086 12893 15083 12492 21011 14275 31351 22427 8493 11039 7731 10108 7264 31539 26201 
16321 19026 18910 29307 28152 24578 21108 4834 30198 21437 25537 18484 22202 7323 7752 2840 29105 21051 12420 2168 8883 31744 5366 22639 5672 30446 0 26175 28068 13155 19988 18277 1329 16484 5550 31246 25636 20567 28107 18983 31015 23558 21939 7891 3993 109 9821 872 19598 29371 7031 9329 17358 6998 21347 21163 25299 29141 21046 779 31950 8454 30905 17076 18336 26087 4201 19459 21987 11695 14713 29829 8928 31428 716 14589 1688 31940 20989 12641 15294 382 30809 7387 25273 28408 9953 22730 31652 24168 26699 27071 26959 317 13824 29315 28220 10006 24605 14862 12965 18887 8820 9615 15219 1112 4745 15976 29511 3335 11159 12849 10866 16708 19339 19634 2814 8882 13061 235 9381 20010 604 23054 27094 2745 14745 4993 12981 14238 16761 31454 12570 24143 24429 4340 31887 10611 16026 26053 5460 24295 26331 15496 20316 28348 18620 28071 27982 26420 12671 31680 4487 30666 20761 2726 14357 29737 15668 22110 18619 20785 26668 19236 2802 9464 11540 28005 8932 9924 16559 26820 7536 12820 16505 2583 25642 17302 10654 14697 18778 31023 22783 3064 30970 6137 5170 12087 2747 31294 30593 30667 27134 11647 4328 24207 29661 20849 16152 30609 
29238 22181 19464 7659 24261 27059 12131 29735 11071 8840 31685 8573 13835 17616 30782 2517 31541 16676 11721 16227 13392 13539 31543 8220 30499 20372 26175 0 29477 17050 16481 9759 2852 17895 31374 18318 6484 12545 20278 751 6508 19763 2582 21069 27562 4811 24170 25786 24782 7449 29431 3911 11805 13940 21250 18958 28767 21045 29015 16938 14306 4027 12612 18362 29558 12646 22427 22242 2159 11165 7349 6090 14247 6345 6763 21918 14458 15449 22555 4237 9930 2237 19114 26059 2297 4971 19325 10896 19699 8414 8575 20760 20770 7826 30752 161 22648 8970 28241 113 4969 28107 1929 18126 5871 28000 11203 30213 25990 13909 13950 22885 28462 1596 26557 25154 2925 17324 27910 12531 29515 1854 23396 3029 22868 2447 12902 25158 20122 12866 22814 21931 20914 5372 10019 10860 19379 26726 21904 19956 4156 6191 4355 23731 22379 11529 25760 7196 19687 25000 21005 29863 215 7367 15476 1745 26602 25891 29061 3352 27982 30334 12146 29697 23993 12958 5618 22291 28773 8525 12864 29146 18956 30296 31770 12773 29681 6033 22723 10185 26584 1998 4609 4893 1801 30952 22816 22909 5970 20157 21231 4744 20226 3375 2239 29410 20208 24867 26728 26419 
16243 8791 8378 21249 25758 12466 3720 1124 20676 31360 8691 7333 22706 25518 981 7627 3121 25919 8569 11336 19723 17308 25897 16220 21088 13440 28068 29477 0 10598 24520 501 5567 5576 4152 7627 7971 15739 15000 280 31496 18897 5997 22519 19324 13357 26577 10902 15139 17928 2674 18488 3125 7919 24720 22836 3965 11138 27650 22003 10843 11894 14897 2550 21443 14995 26394 3533 5947 13751 10577 20513 3040 21969 16377 5547 23906 9958 1228 27194 20227 528 23065 14513 12188 4986 16321 13062 24471 23140 15928 24900 22262 11301 29322 8585 7242 10276 4435 7177 17597 17373 21702 20233 8 18402 6055 3812 1661 19671 14928 30473 10238 15989 14255 1274 17924 22664 6470 29775 21401 11505 30506 26033 21854 6820 1796 16607 24966 21418 275 16556 8920 24607 14376 29438 20400 6197 5032 15313 14590 8496 1677 18738 15174 30312 6245 8772 18334 26954 25169 6974 24755 6230 5382 23402 7620 28450 26320 24615 8613 14421 11914 29672 9917 1453 18599 14130 30216 15353 11308 6050 28693 6431 23474 21989 1033 9496 29033 3006 11418 15855 6416 6659 533 5317 2558 15007 9560 10191 4892 30609 20184 19286 5351 12524 18588 9909 370 4309 
27982 29029 21211 3314 12018 3613 3623 2180 25100 6368 10103 23932 17847 4133 7550 14626 14311 10034 29934 9783 24505 28133 19524 26558 23217 9479 13155 17050 10598 0 10708 4749 16266 14484 15464 2793 2274 22606 22078 29254 1662 30479 27219 12425 14349 25645 18056 15098 30753 2149 4256 10568 31791 24532 17987 10626 20882 3838 17917 1566 23943 17610 17215 8180 25393 21891 19547 29763 150 11223 19083 8106 9631 18650 489 19502 9755 19714 2934 18745 10939 28459 24087 31128 14102 1428 20114 24443 10661 29663 1684 4984 14534 18708 1965 17543 30140 8605 12625 17413 20396 13897 15832 30388 2720 23628 16253 24761 17030 1340 9057 7324 29745 13076 11912 23370 29782 3380 985 28692 28559 19294 6945 17583 27994 18361 18960 22837 20505 28625 16697 19746 21010 20628 2325 22103 2927 3412 511 18201 26175 24522 26424 2834 13170 10000 21731 9293 4831 20389 14600 13372 576 26732 23700 29365 22323 6572 26198 14063 18489 7952 21763 26760 23994 21415 562 5249 254 12003 7263 21823 27188 15261 13034 27275 15214 9230 11544 10898 25249 10455 18960 484 12712 9977 9949 30327 19521 5339 13681 13220 14093 586 17823 28456 19347 6259 543 1827 
18340 19252 30432 21634 5121 30836 19216 20220 1104 18606 24311 31769 23434 28278 2259 6790 15684 20837 5570 29773 13948 28996 27023 2661 10215 16063 19988 16481 24520 10708 0 26113 11568 8456 22775 20152 11275 11338 1470 20181 793 26881 13708 31666 23711 4799 7328 28572 12118 23308 10671 17363 10605 1122 4575 5004 16262 17456 18381 30960 10678 24025 1929 7195 23943 5044 17559 6176 6647 9227 16110 4866 21880 21790 28922 12730 21231 28447 7835 7733 4791 15413 17189 341 21150 1403 9825 1517 7397 5632 19080 22727 13121 15814 30796 11936 8414 20165 15313 13608 11864 7399 23470 8708 26562 30732 26606 10701 8098 15877 12563 1553 24560 17051 17679 27727 540 24967 30795 8189 5127 30841 25250 22403 27910 26387 22884 22334 10981 3820 30038 24448 8927 19855 5550 13709 28840 3707 20762 7581 30310 13091 3511 24030 21425 10222 26139 17521 26776 21814 17486 7018 23453 11083 18891 11987 5045 5742 24193 20391 13643 2008 11734 20696 11836 28594 8352 1868 10714 18716 25387 17369 5867 2089 26680 25166 9385 8926 24571 15724 17857 5945 15898 12006 12374 24358 14002 5479 22526 31881 16723 20106 30401 28729 6400 16353 2590 15616 13874 19185 
26374 7686 13855 12715 20790 14686 14939 21879 24060 23870 28992 16656 7722 7167 30876 23408 23864 10383 450 31614 14778 31467 7931 18655 6894 28195 18277 9759 501 4749 26113 0 29911 22045 17433 18640 31552 22567 13778 28164 12776 27924 30367 18497 27530 6690 26399 15464 20265 25939 11573 15389 17928 27245 14089 17095 1971 18683 16645 21908 4341 10826 20442 1651 11488 16750 13177 26648 28362 20027 1051 9724 14410 6733 8762 26203 11584 29441 15510 25910 16331 15227 18994 25167 11602 21663 3414 10801 30845 12825 3467 4134 30009 19286 8355 28991 15544 10120 25775 15697 12399 20903 17927 25075 24 25708 29511 24450 8366 1109 27725 15646 21877 22180 30269 2987 11504 6497 9341 25297 30697 2132 19642 27901 23406 27661 6371 22623 16079 8157 29226 23787 21665 31195 6407 16217 7615 26848 2613 19238 23877 23692 5043 22673 10900 20800 19396 18848 23634 19747 5873 2585 7528 24606 7171 3210 22531 9952 20491 20546 19092 16860 29530 24918 30160 24903 4490 21150 11185 16155 30068 16567 116 7192 17464 20992 21403 17086 24378 14749 21993 3413 31008 12664 31337 22246 4053 59 1384 4160 24714 28760 30583 10229 689 25090 11883 8027 18177 13875 
24253 26111 25078 5980 5327 26615 31734 6305 21889 26703 15541 3012 13986 19107 18612 14964 5463 18662 1208 1903 3175 4391 22162 12549 7491 2000 1329 2852 5567 16266 11568 29911 0 7493 10824 17914 12386 14411 12644 10169 24426 9157 18340 4126 16776 6604 27907 12906 11684 2123 5841 30131 27894 3584 9139 29921 16654 31359 27297 30899 21709 22319 14310 184 19305 21835 16675 13398 14188 23778 13389 30662 7605 2519 11946 24598 29301 8929 16343 12326 9523 10380 27076 23467 3017 18742 9142 4142 29029 26386 20036 8974 7305 6185 17755 9081 14090 7507 20794 20087 26132 28226 12150 6111 16676 14711 3319 7775 19469 21835 2296 14201 755 20967 13579 27008 19283 27980 6163 28319 2297 7244 9543 12754 1543 31630 17717 19434 1269 26509 21181 3981 14219 25754 6929 30515 17640 11733 22460 15658 17278 11320 15768 16531 15380 31884 27349 6755 10691 29297 30201 4450 30457 3931 25818 8239 2424 655 12197 29242 10839 12842 15835 27080 8448 14361 27726 5874 8497 23586 3368 14246 20731 7385 22756 17316 19397 9131 2387 24706 7241 20695 15256 26537 15510 14448 2860 25429 7948 7260 31195 4504 8803 28504 2756 23384 6820 24049 8541 26188 
7195 15555 9916 5956 14553 31660 20481 4341 26997 28078 15513 26043 21454 176 5553 28327 3014 3281 24570 15720 23716 20577 3446 29426 7605 14407 16484 17895 5576 14484 8456 22045 7493 0 18294 26212 9306 17367 24618 31402 31867 7658 11599 21384 11264 17733 7219 25766 22727 20448 21957 8652 27986 19156 16794 28647 3271 15715 31211 14858 3314 10480 23188 22890 1345 2305 29205 10847 17093 20546 4243 31337 20791 29060 13782 7463 29167 22201 9803 20832 9453 24824 22787 23550 7379 28286 1713 30220 19176 22442 6062 21950 23573 27647 13816 10344 13803 30757 17453 5508 29593 17126 23955 16047 29177 2612 22803 17068 17283 1568 17975 14174 13143 26852 27954 11473 18486 25817 21720 11568 17544 8319 14752 15567 9046 14715 5032 23074 6223 19859 5040 194 4807 29107 9756 7533 15026 14314 28661 8197 29612 9837 21735 27792 23795 16529 27460 26421 19305 1747 2814 26692 20374 27347 15279 17709 13731 25683 18836 19079 607 23612 13964 16905 28733 14488 15644 27795 338 22167 21357 2853 24154 5005 11083 19684 31410 15857 11303 26395 31838 10078 30997 1591 17667 5525 29645 18377 27629 18552 13228 20359 18954 15 2226 13642 27371 27269 31621 2832 
5403 13975 8848 12460 26742 9136 29440 23716 30217 31087 1057 17938 16246 2918 99 17939 22912 15157 3799 20806 6303 13483 14763 26628 22134 842 5550 31374 4152 15464 22775 17433 10824 18294 0 24117 7195 5133 11735 17402 7567 27132 22911 8061 4522 19456 23684 28119 2212 18382 14455 6106 13291 20686 4128 23048 26909 15647 10105 24472 8720 17041 26288 12406 28875 31147 23079 13377 6028 24740 11381 14412 27330 21100 10596 27040 28434 4002 16627 23286 17492 13724 1875 31679 11156 19045 11244 9246 2579 13240 2135 1514 25414 14088 4451 14511 25811 31865 24594 14763 22425 5350 13466 25299 10407 25819 26471 29646 25410 17049 31509 3830 15585 23319 4984 12379 1586 17405 27798 16322 12564 28585 29354 1184 22172 14636 11553 8993 12562 21836 16798 10277 6387 24961 31991 63 2799 23290 20534 29879 9450 8599 18331 15751 10493 29166 5783 26207 30580 29768 3793 26274 6863 11682 9762 5480 12995 687 29594 9852 3127 15058 13691 13918 3914 1575 16955 16704 18505 27513 6788 9738 26555 24650 23093 9048 16216 13264 18271 23161 16138 6132 17227 21103 31477 8531 21361 28403 11882 18239 8576 31088 11507 25533 29274 7685 29004 13190 14358 25222 
