100 10
0 2813 21508 25804 17113 20958 29706 29085 23974 18984 13310 13376 10748 8844 29905 9770 7912 16272 2358 30141 22223 14783 4817 1147 2718 19673 4710 18223 30719 22021 20749 23588 29826 18684 24926 28241 19921 10304 4512 13964 19168 31301 24063 27318 10012 19878 31413 17646 1180 8020 15680 27073 25677 23490 5262 28505 10793 23836 1836 19628 98 22386 10365 20912 23443 22247 5090 9605 30960 14311 23534 13738 19062 7248 4500 14124 28445 25511 10075 6355 14084 11335 31624 30806 3237 14734 19797 10633 29443 31504 10522 5772 2521 1224 27009 18943 26572 29252 13751 25645 
2813 0 6549 18325 12824 3217 2024 7683 19524 18649 20223 22662 7235 21572 4573 10227 23838 12155 24908 13252 30620 17474 11467 516 20274 17510 896 16703 6898 31152 30248 12405 15999 10194 30981 26119 10487 21337 10960 14249 8680 12188 12455 1106 10304 25260 6145 4905 18487 27973 9112 27769 29767 30652 10847 13726 24086 12528 27245 30713 18795 7742 26608 4570 26647 31335 15646 29045 13805 5261 29472 3791 17836 4374 25608 8369 9715 22439 1981 4245 11822 26125 18925 16791 23943 9008 29179 29287 13272 13569 27889 4917 408 25197 10608 4772 17356 26186 27294 17851 
21508 6549 0 27498 22486 27521 30600 12938 29832 25070 2368 1333 5462 13674 2868 29014 18279 23680 2767 3844 24216 27965 10764 7219 8238 19940 23590 20062 30339 27546 8005 830 15548 31255 10802 27511 23921 10070 12805 23624 8548 19526 6869 28220 21551 13688 11879 17880 4080 19155 22754 16717 24319 21054 24442 14374 3482 9045 5923 12028 17815 23319 6209 4384 24595 8598 341 25680 4129 20135 9394 3687 5758 13716 18472 29702 1851 19656 22712 20560 29811 28803 9281 20621 14070 6534 3378 23780 4094 2759 18234 19463 28377 5920 5108 6626 12447 20988 27294 7757 
25804 18325 27498 0 7158 3770 16986 17982 24495 2833 19063 20837 15389 9176 10683 21883 15851 2035 684 11934 9045 25301 28059 17460 27295 1524 7958 10587 30076 25908 25687 11099 6025 20314 22709 28434 10931 27258 26642 3688 13742 23915 29262 7611 30559 24114 24499 22613 2643 20340 14440 12755 26409 21736 15330 25760 7429 28100 31568 7003 18431 3886 29711 29517 17299 12206 8471 11991 13074 28827 4716 12771 7952 12171 3471 11857 3286 5319 7918 12907 5586 14007 13394 17236 518 12626 13393 29813 22902 14224 5564 1265 2718 12507 29714 25875 27099 19835 13805 27582 
17113 12824 22486 7158 0 31155 9281 8279 31029 17920 16738 9837 26092 21124 9324 11139 27154 2447 8727 15755 7546 22849 27415 13535 26374 16572 2637 10612 2529 13138 18424 27400 683 7353 15589 594 5288 21300 13725 5168 14579 6348 13205 28382 6569 1144 25186 31773 1057 1617 5605 13162 25618 22977 13180 4649 17613 1717 15411 6616 14181 17609 14578 17728 22244 3708 13743 929 16504 349 14750 9445 1445 25148 16223 24783 9333 7004 11568 18732 2213 8096 18972 15363 29914 29883 15403 25025 4044 11109 30611 10351 15993 17796 17126 12256 14934 17248 8261 19932 
20958 3217 27521 3770 31155 0 14864 21268 1802 2591 25874 11850 28440 6441 29603 21098 11900 8579 21986 26358 10323 1308 16865 388 30750 15336 3986 29349 19135 13777 3004 14808 10332 10154 21478 15740 22106 26392 12875 14524 13126 18826 26568 2949 968 28195 5835 4205 20113 9645 1862 30894 15950 14729 3739 11019 26773 21405 24465 1993 13783 20038 26942 20634 11087 3399 9982 1165 19698 20664 30300 9217 29535 7418 519 7826 9424 31650 31168 7437 25098 27757 4681 23896 5193 10540 13401 4461 19255 1208 29575 9792 11735 17376 23356 11958 15989 31064 16804 12432 
29706 2024 30600 16986 9281 14864 0 14389 14206 29555 150 17142 29900 31819 12665 28944 15811 28001 5301 22041 4130 17113 28764 9709 27579 30196 13293 28257 5411 16325 6657 23024 13412 16605 28155 22381 9897 18171 18620 23730 9713 191 14413 7503 2239 11865 1430 15165 29384 26421 25095 3212 7590 19122 12366 17171 29828 13259 9729 13599 27602 30156 5204 2086 8947 7169 6341 27252 8428 3684 22221 22750 5143 23117 13459 17263 719 26919 2196 20504 1318 12568 22110 5220 31629 27576 4405 17188 20875 23486 15821 29214 8809 29871 16626 19140 31716 8336 2621 15835 
29085 7683 12938 17982 8279 21268 14389 0 17128 21476 22452 18557 5498 7246 27744 16770 15462 14990 29899 31591 3473 3264 29951 12902 24642 26779 2587 25745 14738 18405 30153 316 20182 19167 20651 25969 12054 24245 1739 5213 20091 20977 30729 11712 10685 26856 8594 8290 20883 31533 5958 12924 4391 2814 13105 8749 29568 20661 9974 14054 29434 27192 4160 24287 31659 24683 4914 18050 4575 17565 29145 27104 23167 18425 11415 14362 19077 22007 1946 7899 10604 11211 12613 10940 12702 27093 22950 7871 10981 14864 18146 2232 31710 21895 27045 22720 19811 11710 149 1188 
23974 19524 29832 24495 31029 1802 14206 17128 0 1938 12303 30512 23445 3917 3225 18474 26183 1677 19753 8134 13199 21499 20551 30413 5545 26443 24562 20015 3559 10355 13013 5423 16856 27857 23412 10903 30335 356 19547 22500 2175 2040 17488 18042 21836 1875 19586 29139 20060 21612 12473 11181 22869 5782 29062 1338 21569 11695 18550 20563 2745 15447 4411 7591 10262 5911 18403 8936 15270 14743 2565 16895 10197 18380 31217 31546 6754 40 20958 26747 1933 11723 16673 12138 8006 12209 29524 31141 18527 25061 2956 30959 6333 8622 2696 20575 17540 14016 22750 4755 
18984 18649 25070 2833 17920 2591 29555 21476 1938 0 3879 5203 9351 17206 11183 25860 6017 13578 8959 8329 18265 21327 6028 10717 30866 31263 24611 26036 20997 28102 26341 4208 12241 12468 30254 2056 588 22888 6792 13313 8435 29798 27804 22618 10583 21540 546 27514 20242 26360 9680 28453 15025 6412 19274 18790 22953 7757 22801 6791 16455 22361 1142 5623 30363 10097 8583 23362 23917 16743 2818 20992 30764 3984 26946 30399 20955 31411 7471 16378 18949 22523 306 26629 29611 10723 20769 21761 28211 1321 1582 25285 14427 25533 6878 17622 2343 2482 30193 22097 
13310 20223 2368 19063 16738 25874 150 22452 12303 3879 0 1761 17635 26606 22394 31169 15724 20201 10836 28238 26697 33 9462 25002 11911 29653 22892 16028 22752 14141 8779 4413 22637 2110 19805 15784 29014 7705 25685 16303 31365 24601 23165 22659 5199 8004 18021 20075 22060 16653 7061 8304 7521 2815 24125 15631 11187 18292 26084 16872 28695 4415 2839 11374 15712 30047 23323 5015 29936 17581 25501 24205 21098 12944 22369 1886 4959 7591 19952 15528 13311 16511 31310 13136 11978 28222 26532 19245 10815 18776 10737 20919 13709 29752 6079 13757 576 22265 1740 15887 
13376 22662 1333 20837 9837 11850 17142 18557 30512 5203 1761 0 26414 10836 24898 1802 14016 2867 4272 12141 4929 28840 15198 9467 25426 26006 28280 18107 7938 3273 3277 9049 21054 15206 23104 1933 19517 8024 11833 7060 10227 17603 28693 31382 26239 15477 18068 20511 4767 10835 7497 24715 17179 24521 17679 12915 18999 31037 4465 6693 15910 28541 24865 22283 5748 12847 19045 12578 16507 15425 8327 1127 16337 13401 5188 24133 15544 31559 19263 8458 8590 20337 31342 1619 12095 21830 31373 17788 6833 15790 24457 11797 7735 21624 4855 13129 5889 8397 25982 3929 
10748 7235 5462 15389 26092 28440 29900 5498 23445 9351 17635 26414 0 2369 242 30391 11630 5667 23809 5939 7286 28464 20304 26955 22779 30517 28241 24586 17765 9864 31916 15261 24681 826 23409 2691 18746 8004 576 7867 11958 4279 29060 3064 19099 24815 16280 5833 23730 5058 29439 13012 8195 2733 5522 30717 15619 3848 5294 8345 19906 16691 19300 28577 19745 5833 29870 17371 4603 18123 9110 29971 16730 20694 12912 24899 21156 26961 18947 21960 31694 30618 20668 4238 12937 3640 25308 12100 6260 22286 19883 13195 31817 9093 1189 28451 22547 18882 5803 2080 
8844 21572 13674 9176 21124 6441 31819 7246 3917 17206 26606 10836 2369 0 20092 5342 13210 7669 27801 709 17336 8688 7967 16108 218 18432 24666 2777 31635 18595 30879 18364 1273 12275 18495 24920 24722 13978 8308 6904 17480 7616 8019 25181 4951 506 2234 15022 16446 13373 6468 104 11179 6346 25139 18510 28275 28964 9573 16730 16761 18167 8001 31660 17573 12306 27563 20603 25553 13136 24303 11267 11446 7818 21171 27766 7909 22921 2024 16622 3500 18419 29625 28762 28685 5691 11645 17519 17838 5525 10657 20634 23238 6113 10146 22252 13068 17054 498 6925 
29905 4573 2868 10683 9324 29603 12665 27744 3225 11183 22394 24898 242 20092 0 30539 10463 4833 17831 15373 30194 20977 5003 31841 21558 10975 15439 1641 26950 791 3550 26504 20295 27422 22275 18191 17050 24895 13087 494 24202 30266 11991 27238 22271 5626 3519 4276 11306 12096 30738 23496 24890 31826 17246 24814 16135 14001 5171 2180 31686 16834 9172 17574 1716 29572 30440 23006 9934 18491 6698 2519 19577 4898 18199 18187 15413 15135 13727 115 17743 30570 16599 16440 400 1606 10661 31328 744 21677 18293 14978 5672 21245 18403 21620 29607 5808 24434 11516 
9770 10227 29014 21883 11139 21098 28944 16770 18474 25860 31169 1802 30391 5342 30539 0 8426 10241 3022 20330 27967 17585 27962 11424 14935 1334 20231 6064 24800 6809 27379 28399 26688 6488 13610 16737 5383 2006 25785 21540 31323 30154 7420 19425 10603 8878 28689 15169 10975 31280 4422 15702 11847 19622 20105 4112 6282 19317 17879 9641 7000 12938 26543 17691 20379 22212 7551 7818 20451 18025 21015 23733 18905 22416 7701 19305 7086 18582 19033 24560 25996 20877 31091 23678 12291 16809 14610 24997 28287 5044 4982 3011 11954 1405 12255 369 6917 12868 27135 5877 
7912 23838 18279 15851 27154 11900 15811 15462 26183 6017 15724 14016 11630 13210 10463 8426 0 18333 11645 13163 6475 5056 20625 25281 14927 1467 25293 31543 5652 3674 8891 2199 1785 27568 17942 22280 8737 10820 250 1597 12204 2883 26901 24745 8162 2990 2262 29096 868 22156 13979 26808 861 17179 10984 6817 22961 16635 25485 28842 20268 22884 10975 29382 10166 10066 227 11717 8317 18101 7295 11910 26666 22694 25514 804 7440 29327 25501 10023 13146 7265 17154 1974 572 15556 15652 27843 10788 9027 7456 1598 7146 28286 12307 17990 1278 5724 17228 30548 
16272 12155 23680 2035 2447 8579 28001 14990 1677 13578 20201 2867 5667 7669 4833 10241 18333 0 13511 30826 26366 15561 2182 27034 19057 26332 4490 12035 6065 7905 8144 12575 30550 7232 29259 21309 15081 169 6355 18796 7631 9480 14360 27504 11581 30833 30608 5803 7717 22805 20837 29974 8233 24877 25195 28201 14728 19438 20234 26575 8206 17782 4911 11095 3079 18109 22592 13664 5166 27528 23047 6091 1691 20050 12455 18094 15283 22595 11397 31295 29980 8990 12865 1222 13224 17965 4254 7311 1865 15160 21367 18903 28157 11117 10411 13246 13763 19290 10002 29493 
2358 24908 2767 684 8727 21986 5301 29899 19753 8959 10836 4272 23809 27801 17831 3022 11645 13511 0 20914 2234 24875 17589 21927 29735 24189 15848 1252 3542 10616 18312 10127 964 24412 15057 25321 8339 6360 24186 27134 31038 3777 9836 13397 11463 24510 24175 13474 3047 18936 29402 6259 24254 21966 7745 30177 8581 7041 7468 5183 10553 28133 28861 2767 27729 9745 6249 3948 14699 16913 13987 9274 25083 13201 24460 20829 1532 2706 18087 24225 13730 12059 29317 2605 16392 8417 628 14646 23263 9473 20533 16553 25119 1448 17574 4065 3769 17095 30324 26450 
30141 13252 3844 11934 15755 26358 22041 31591 8134 8329 28238 12141 5939 709 15373 20330 13163 30826 20914 0 13966 26592 18801 17963 15059 7825 19058 15572 13315 22139 3729 24188 22774 2300 14682 27156 18634 23731 9943 25478 7247 22513 29692 11810 123 25382 10267 8468 19926 27728 14161 9422 10480 31602 12025 18297 2762 19706 16665 22377 24906 25403 25042 30601 12202 10708 24276 15564 5098 297 29641 15516 27197 23497 26569 12367 27258 24295 8647 1680 13196 27334 15619 30674 26083 15910 11385 12228 18147 1980 18000 18873 18772 153 25677 798 12500 1698 30786 15848 
22223 30620 24216 9045 7546 10323 4130 3473 13199 18265 26697 4929 7286 17336 30194 27967 6475 26366 2234 13966 0 2879 8085 24740 30456 31254 15075 16577 24709 16570 25047 27737 28643 8162 845 24446 7742 647 30094 29212 19273 27923 3199 22824 18280 1169 27348 6351 15593 26846 8507 31144 11819 20695 1428 4836 27349 25739 15641 9341 4354 18283 13458 10852 28786 1912 3971 17846 8381 5492 9056 15081 22652 17172 29369 25594 896 14381 10346 12707 8192 25828 206 6019 19397 1507 19947 3414 13152 2690 29352 1054 1878 7930 20982 23385 29778 7065 18180 25133 
14783 17474 27965 25301 22849 1308 17113 3264 21499 21327 33 28840 28464 8688 20977 17585 5056 15561 24875 26592 2879 0 26396 17233 16843 6006 22236 17748 19345 23702 29560 8325 6576 5975 6084 3595 29456 29408 21431 11595 21809 14991 23130 23767 14368 6120 18616 4960 28772 30597 1229 11430 3564 26632 4219 20839 8195 24838 26737 18254 9022 10237 23845 18149 19309 8255 24509 22405 25224 10727 25601 10309 7844 29892 13900 24553 29150 24396 20092 1237 30031 17291 12767 15865 12281 22037 16423 17349 28600 496 5464 10008 12596 12942 22200 11566 24782 16050 6847 11152 
4817 11467 10764 28059 27415 16865 28764 29951 20551 6028 9462 15198 20304 7967 5003 27962 20625 2182 17589 18801 8085 26396 0 28904 31318 24727 5715 30013 25905 12666 11524 660 17738 9466 27686 3498 2914 19545 31814 4210 61 5350 31052 13510 340 29363 12075 5144 13440 12094 19090 25889 17585 2086 7834 17553 5527 29912 19577 22975 30552 26178 3118 8026 28475 27520 20790 3607 23643 30606 6455 23652 14935 6133 3508 15125 21760 8832 18873 22 2060 31465 5007 25370 26306 18823 1897 17226 3502 9731 23064 18680 15183 23043 5557 11853 9415 7645 15957 27896 
1147 516 7219 17460 13535 388 9709 12902 30413 10717 25002 9467 26955 16108 31841 11424 25281 27034 21927 17963 24740 17233 28904 0 2104 15700 10930 3697 6791 71 27295 1114 21716 6630 29183 19118 14864 20964 4158 25624 2877 10817 23440 21705 25054 28088 23905 15587 21348 22834 6087 28656 30371 9267 8174 5452 3390 7756 16012 11672 2328 18826 1102 16169 13765 29158 22601 24951 18937 17589 9325 23185 31735 25113 21742 13193 8708 880 1979 20451 15062 195 3819 3596 6655 30523 6702 20417 28007 25480 17721 9860 26289 10842 13630 22030 17332 14540 10835 185 
2718 20274 8238 27295 26374 30750 27579 24642 5545 30866 11911 25426 22779 218 21558 14935 14927 19057 29735 15059 30456 16843 31318 2104 0 247 23336 27531 5622 2362 12632 20394 13925 12829 22331 30355 10882 1085 7754 18492 17203 7349 22502 15664 6880 12620 24457 24511 1185 679 1783 17454 2674 20088 2924 30696 25181 22190 6608 2220 27823 19110 15840 25793 8999 17753 23910 28960 4387 17807 12387 27049 20948 9739 13123 25168 2923 4800 10250 16209 21836 1020 2181 10842 18490 13210 31611 3520 24971 6965 23516 2477 2646 24659 7154 27728 163 23447 18064 13069 
19673 17510 19940 1524 16572 15336 30196 26779 26443 31263 29653 26006 30517 18432 10975 1334 1467 26332 24189 7825 31254 6006 24727 15700 247 0 1139 27756 9659 25910 11346 29335 9939 26980 19517 15225 1183 3568 17754 14315 30444 12265 9559 20399 7180 5567 31847 14177 13255 13880 16934 17257 4940 7512 6544 18152 26914 14681 13807 26281 10258 15508 13262 29970 18464 28023 26849 18451 13427 2160 17919 3862 5449 1762 9227 11247 11239 2575 8934 4558 11911 10253 608 4650 6987 18357 29224 15288 4394 30353 31162 13141 10465 17612 16208 1784 19941 5415 25555 1699 
4710 896 23590 7958 2637 3986 13293 2587 24562 24611 22892 28280 28241 24666 15439 20231 25293 4490 15848 19058 15075 22236 5715 10930 23336 1139 0 18210 16672 16904 31241 30297 15776 3814 14353 10042 24176 21161 1013 3387 26635 13403 30249 8803 23944 12526 20119 23294 14928 24050 5712 24395 10441 9025 25149 16171 15370 26033 5581 11220 10632 21187 1191 12670 31176 2130 15195 28181 19982 20038 13837 19944 2061 23617 4394 14681 2455 1105 17175 21645 28239 26272 23519 14620 18517 16417 13797 9924 18425 2373 11409 16403 1132 14501 22790 17435 9835 696 19404 16931 
18223 16703 20062 10587 10612 29349 28257 25745 20015 26036 16028 18107 24586 2777 1641 6064 31543 12035 1252 15572 16577 17748 30013 3697 27531 27756 18210 0 952 10100 9161 75 12357 17804 3362 15649 30630 21953 1439 5226 7076 4331 18027 12670 5159 375 6916 10496 14497 9182 27053 1877 20865 31503 24541 26645 12194 11745 30639 7283 16572 3972 7763 10936 12242 17905 15485 31400 29604 24920 24532 27130 29214 28050 18789 23238 3784 3983 1297 21490 16184 5066 251 6309 13438 5299 11006 14776 24727 2340 2071 14626 7389 23503 17110 6251 12918 3758 20946 28700 
30719 6898 30339 30076 2529 19135 5411 14738 3559 20997 22752 7938 17765 31635 26950 24800 5652 6065 3542 13315 24709 19345 25905 6791 5622 9659 16672 952 0 14919 17084 24306 25117 30090 10170 13280 14707 24777 25303 18315 30581 21394 1152 4218 15551 22634 20172 27072 23210 9476 18596 8245 23933 3174 8438 20385 30876 31269 11497 29421 1975 29580 25348 20563 29949 208 21351 28304 20297 9535 6646 6415 9301 26225 22154 17952 2021 15224 12579 9249 2302 31756 16404 31924 10768 27329 3893 16874 22825 7732 3094 28279 26659 31034 1835 5598 1239 13588 9723 17575 
22021 31152 27546 25908 13138 13777 16325 18405 10355 28102 14141 3273 9864 18595 791 6809 3674 7905 10616 22139 16570 23702 12666 71 2362 25910 16904 10100 14919 0 30818 30524 26432 21344 11037 5304 29891 6853 26807 30592 5841 19955 26983 1908 3841 1624 7330 15180 19358 8239 517 4741 15765 9588 2118 21332 10339 6863 24618 30097 266 22663 23402 28590 16638 26994 14767 4768 18452 23267 1912 22997 10612 6301 28945 22047 1927 16319 10879 29097 27115 951 11632 21728 8797 29235 10032 13932 3503 25614 17809 14103 31668 15935 5603 15045 3632 21455 20956 15965 
20749 30248 8005 25687 18424 3004 6657 30153 13013 26341 8779 3277 31916 30879 3550 27379 8891 8144 18312 3729 25047 29560 11524 27295 12632 11346 31241 9161 17084 30818 0 8840 13872 21384 3537 4186 26593 17178 16795 15046 11117 24661 191 4525 4745 26202 26040 9759 30308 5203 31189 27917 14168 24098 23016 30196 24221 14351 29431 7827 27891 14457 16876 18071 2134 23943 321 6221 11439 17368 25272 11599 29824 22320 21761 21562 18841 5421 10356 17495 5570 14322 20153 20815 624 31706 6781 10973 12147 21287 26400 3447 27815 5812 25700 31748 28834 17058 15903 1420 
23588 12405 830 11099 27400 14808 23024 316 5423 4208 4413 9049 15261 18364 26504 28399 2199 12575 10127 24188 27737 8325 660 1114 20394 29335 30297 75 24306 30524 8840 0 17858 13767 13049 9468 23953 21343 24776 25249 27823 7991 7695 508 27468 25064 22886 20429 12546 1072 30086 2347 2372 3679 21686 21756 19914 21709 28734 30306 1801 3138 30935 21804 28314 21102 26651 6212 9392 23890 6897 15649 10631 949 25348 14388 3282 20883 12333 862 30253 13451 4837 13659 20108 31568 24504 9520 17067 1306 19631 29348 27007 15893 31172 12196 23459 21713 6740 25279 
29826 15999 15548 6025 683 10332 13412 20182 16856 12241 22637 21054 24681 1273 20295 26688 1785 30550 964 22774 28643 6576 17738 21716 13925 9939 15776 12357 25117 26432 13872 17858 0 27199 2664 15596 25732 20965 3335 6782 30199 1257 22507 7277 28833 26338 15081 4487 19422 20256 5233 10601 20035 26838 20426 28585 3024 15694 25400 18190 21020 8212 16179 21946 12939 11565 18067 3165 25974 16705 19649 3941 21601 28366 2792 15147 1578 31063 4644 6441 5944 19093 19634 20258 15017 26533 29473 9817 11400 29242 1152 29117 9975 6861 12944 6940 23904 4810 28404 847 
18684 10194 31255 20314 7353 10154 16605 19167 27857 12468 2110 15206 826 12275 27422 6488 27568 7232 24412 2300 8162 5975 9466 6630 12829 26980 3814 17804 30090 21344 21384 13767 27199 0 27890 27583 6140 9592 15804 5292 24451 18680 20926 9121 2037 11039 17244 23599 15343 22400 5156 29160 18218 15402 1463 24146 23916 29590 29374 14804 31099 11414 12503 5289 13835 28231 20872 19660 7599 2304 4907 27883 3271 20802 9443 31832 1137 5802 3718 23285 890 24285 31380 5927 23629 22140 8479 17349 5860 6161 1476 23049 13494 2048 25234 2431 7850 12408 1024 2805 
24926 30981 10802 22709 15589 21478 28155 20651 23412 30254 19805 23104 23409 18495 22275 13610 17942 29259 15057 14682 845 6084 27686 29183 22331 19517 14353 3362 10170 11037 3537 13049 2664 27890 0 28 24935 11831 438 27364 225 21298 24210 27151 10123 31721 24944 31531 10343 27260 10119 20181 15632 10605 5246 30308 17766 16978 3869 10648 31553 133 13561 27471 12832 6355 5927 22577 475 28460 26604 19298 2383 19795 17258 8497 9489 4237 21588 26567 9757 26198 7324 9434 2183 4617 8229 30555 10795 2967 10093 26916 2649 19251 28741 5038 29836 5 28028 22971 
28241 26119 27511 28434 594 15740 22381 25969 10903 2056 15784 1933 2691 24920 18191 16737 22280 21309 25321 27156 24446 3595 3498 19118 30355 15225 10042 15649 13280 5304 4186 9468 15596 27583 28 0 22488 27240 2611 25757 20999 94 3663 21274 15684 24735 2405 28520 20615 9461 31738 13371 25021 19228 22718 5361 31284 25644 2557 7678 28947 8979 4623 3168 705 28155 10442 24331 24411 2751 19695 31326 23076 7004 24219 13966 26864 19806 14008 29722 19097 26704 15212 17720 6254 25904 136 28744 23968 2267 21244 7231 15030 29309 25153 21277 27387 19204 18640 12634 
19921 10487 23921 10931 5288 22106 9897 12054 30335 588 29014 19517 18746 24722 17050 5383 8737 15081 8339 18634 7742 29456 2914 14864 10882 1183 24176 30630 14707 29891 26593 23953 25732 6140 24935 22488 0 20835 2338 24118 30989 7573 27434 3502 23271 16285 5398 25320 15947 5962 14227 455 12657 14877 6705 30071 18823 30585 391 19611 7647 19920 11630 28802 14114 23001 21546 13652 4987 23223 6045 16449 4815 9268 29814 3762 29923 5094 20321 24443 22422 3945 21815 15625 8201 30342 1328 24720 30932 10090 6672 15424 22067 24275 4439 25713 22841 19263 6004 5843 
10304 21337 10070 27258 21300 26392 18171 24245 356 22888 7705 8024 8004 13978 24895 2006 10820 169 6360 23731 647 29408 19545 20964 1085 3568 21161 21953 24777 6853 17178 21343 20965 9592 11831 27240 20835 0 2553 7041 18548 29355 7591 7333 2612 30820 23035 18742 30466 15806 6381 3179 23812 23179 25035 9962 9257 30210 22305 5816 12313 6575 31408 24870 15400 359 5467 30661 11844 50 31511 2133 27877 20545 474 19634 16637 29147 13198 30919 8168 31563 18430 1151 3421 29908 26824 30897 28253 12704 4941 26131 27427 8878 25246 8234 14613 13763 113 7992 
4512 10960 12805 26642 13725 12875 18620 1739 19547 6792 25685 11833 576 8308 13087 25785 250 6355 24186 9943 30094 21431 31814 4158 7754 17754 1013 1439 25303 26807 16795 24776 3335 15804 438 2611 2338 2553 0 922 23417 606 6660 31112 18881 17336 5888 15612 2401 1152 8482 9480 27980 23876 12962 24806 2153 9364 5377 12709 17987 3502 5309 5343 17077 28208 15871 1889 27553 31430 5707 14563 18074 29148 18992 18609 7831 23373 29433 30306 16546 16149 18267 24960 14473 23548 20264 14912 397 25676 9724 31531 15632 12669 10478 11220 30027 30694 13890 1412 
13964 14249 23624 3688 5168 14524 23730 5213 22500 13313 16303 7060 7867 6904 494 21540 1597 18796 27134 25478 29212 11595 4210 25624 18492 14315 3387 5226 18315 30592 15046 25249 6782 5292 27364 25757 24118 7041 922 0 14332 30649 12382 30929 16757 12705 23943 6086 28969 21568 15592 21217 20485 27858 15425 20267 23480 30351 21194 26340 10781 29976 6307 19696 29876 3822 21826 7749 16907 7131 10473 31071 26671 19305 4624 9391 14623 13898 4312 3593 2875 28624 15225 29717 22192 11352 22709 960 22000 18105 29766 21675 4376 27065 31052 9371 30057 8571 18882 20715 
19168 8680 8548 13742 14579 13126 9713 20091 2175 8435 31365 10227 11958 17480 24202 31323 12204 7631 31038 7247 19273 21809 61 2877 17203 30444 26635 7076 30581 5841 11117 27823 30199 24451 225 20999 30989 18548 23417 14332 0 24160 31590 11732 30259 27327 17371 19680 3256 9450 15885 9157 5813 25121 25110 13397 8299 13715 19301 13416 4361 21389 10997 10 8929 7078 17019 3755 24212 501 24468 29013 5703 4159 20725 19921 20174 23330 23455 18403 19679 78 14602 2160 31555 3246 2392 10676 28418 2458 19332 15216 22165 26121 24212 12828 29976 31420 28101 24338 
31301 12188 19526 23915 6348 18826 191 20977 2040 29798 24601 17603 4279 7616 30266 30154 2883 9480 3777 22513 27923 14991 5350 10817 7349 12265 13403 4331 21394 19955 24661 7991 1257 18680 21298 94 7573 29355 606 30649 24160 0 6258 29858 1776 4600 13432 10774 12812 24613 13719 31657 12851 4440 20499 2177 21226 8453 24560 18909 13677 26930 16094 3335 8350 30058 6700 11843 23797 21927 19384 1729 4977 30535 14557 13192 5254 1786 8037 31339 16399 13490 29048 8184 22590 9362 14221 12646 22410 13026 21592 28551 18850 22011 28604 8630 9303 29751 18107 24522 
24063 12455 6869 29262 13205 26568 14413 30729 17488 27804 23165 28693 29060 8019 11991 7420 26901 14360 9836 29692 3199 23130 31052 23440 22502 9559 30249 18027 1152 26983 191 7695 22507 20926 24210 3663 27434 7591 6660 12382 31590 6258 0 30562 292 12047 23991 10905 5621 8989 23874 28686 1940 21351 20952 13751 27416 495 22657 30478 30249 7315 1455 3779 10667 2237 4841 21093 2933 19217 9341 26392 25338 19743 30514 26180 30207 2834 8949 7493 13895 19040 16266 15894 30787 24443 13119 9483 15301 22655 23189 886 19887 14822 19191 7265 5023 13617 870 309 
27318 1106 28220 7611 28382 2949 7503 11712 18042 22618 22659 31382 3064 25181 27238 19425 24745 27504 13397 11810 22824 23767 13510 21705 15664 20399 8803 12670 4218 1908 4525 508 7277 9121 27151 21274 3502 7333 31112 30929 11732 29858 30562 0 2104 16154 16387 20072 6863 10623 31420 29173 12454 19946 24060 18204 13215 28439 10972 8557 1639 24071 25977 28281 6377 4468 30054 22079 2233 14914 13337 17313 12172 26347 1117 2000 17310 5362 27839 26814 26924 16212 15109 19083 20445 2804 1683 12794 17459 18701 21479 26588 19711 9124 13568 5765 17100 8949 20177 20279 
10012 10304 21551 30559 6569 968 2239 10685 21836 10583 5199 26239 19099 4951 22271 10603 8162 11581 11463 123 18280 14368 340 25054 6880 7180 23944 5159 15551 3841 4745 27468 28833 2037 10123 15684 23271 2612 18881 16757 30259 1776 292 2104 0 14273 1967 2438 7405 6274 16099 7809 20221 25339 12427 30368 31800 10539 3779 18576 14108 15223 24764 18176 23897 13025 1770 10190 8696 23858 6971 4921 28818 15916 319 7957 31355 31676 19546 18163 8183 25896 18170 25687 25957 23613 23485 9958 114 22148 6570 1688 12873 21102 8283 16867 23232 20356 9265 22769 
19878 25260 13688 24114 1144 28195 11865 26856 1875 21540 8004 15477 24815 506 5626 8878 2990 30833 24510 25382 1169 6120 29363 28088 12620 5567 12526 375 22634 1624 26202 25064 26338 11039 31721 24735 16285 30820 17336 12705 27327 4600 12047 16154 14273 0 19881 2796 23538 17582 17745 23350 8294 29522 21408 21544 13430 19577 30509 3180 10289 22003 25593 12467 10116 24461 22109 26019 22067 22019 28415 6858 11201 7151 3775 22410 16484 23738 8357 10510 12790 29066 1237 25396 28896 11828 22397 3715 9488 14123 22726 10519 29158 25457 14017 5266 26402 4741 26972 23822 
31413 6145 11879 24499 25186 5835 1430 8594 19586 546 18021 18068 16280 2234 3519 28689 2262 30608 24175 10267 27348 18616 12075 23905 24457 31847 20119 6916 20172 7330 26040 22886 15081 17244 24944 2405 5398 23035 5888 23943 17371 13432 23991 16387 1967 19881 0 20633 4120 21543 30764 7795 25143 184 17062 21632 921 6627 30152 657 25659 9650 2254 11411 9095 1060 8122 6468 10498 9697 23042 30434 28669 19432 828 9945 15939 15166 15829 23667 20171 28833 20922 28300 6759 25396 21518 574 629 12852 25556 15250 4236 24228 25510 3121 11568 3580 12383 21009 
17646 4905 17880 22613 31773 4205 15165 8290 29139 27514 20075 20511 5833 15022 4276 15169 29096 5803 13474 8468 6351 4960 5144 15587 24511 14177 23294 10496 27072 15180 9759 20429 4487 23599 31531 28520 25320 18742 15612 6086 19680 10774 10905 20072 2438 2796 20633 0 18554 9283 19507 10283 7264 24565 8283 5178 2002 8993 9021 9891 29299 9951 22332 636 25346 29980 25482 23779 1987 776 10396 9848 20724 13193 21652 3522 6714 3240 2486 9639 10771 14082 24791 31192 23367 10041 7114 11333 12626 10595 8661 31366 26332 379 11292 28754 5924 31182 21525 27116 
1180 18487 4080 2643 1057 20113 29384 20883 20060 20242 22060 4767 23730 16446 11306 10975 868 7717 3047 19926 15593 28772 13440 21348 1185 13255 14928 14497 23210 19358 30308 12546 19422 15343 10343 20615 15947 30466 2401 28969 3256 12812 5621 6863 7405 23538 4120 18554 0 21745 15937 28891 459 17425 21115 780 12274 9499 28139 21176 29679 4388 9566 12640 7118 8294 13230 24516 21317 25202 248 6928 13284 22877 3018 783 10308 26865 27219 7767 27957 22493 17811 20348 4084 16871 17037 19776 20821 4889 2419 6082 14580 31218 12761 28078 30058 28310 18149 21357 
8020 27973 19155 20340 1617 9645 26421 31533 21612 26360 16653 10835 5058 13373 12096 31280 22156 22805 18936 27728 26846 30597 12094 22834 679 13880 24050 9182 9476 8239 5203 1072 20256 22400 27260 9461 5962 15806 1152 21568 9450 24613 8989 10623 6274 17582 21543 9283 21745 0 10047 9031 25526 22510 16784 3922 1613 20924 6956 22416 27593 26233 10831 12825 27190 4950 19088 13363 23534 8496 4810 14153 1163 3195 9487 11225 24018 20280 5015 28514 1450 17889 11696 11860 30213 31065 24238 11011 470 1761 1757 9622 1787 24833 17773 11252 25140 18043 26214 29367 
15680 9112 22754 14440 5605 1862 25095 5958 12473 9680 7061 7497 29439 6468 30738 4422 13979 20837 29402 14161 8507 1229 19090 6087 1783 16934 5712 27053 18596 517 31189 30086 5233 5156 10119 31738 14227 6381 8482 15592 15885 13719 23874 31420 16099 17745 30764 19507 15937 10047 0 10507 28983 9882 12117 28072 14349 10049 6082 5007 14907 16795 17045 16361 22778 20185 3892 10717 15113 18817 29541 16188 95 1818 18941 26416 30939 26849 29072 14579 27890 10101 6944 11381 16225 28295 27601 23062 12253 12685 20115 13389 5312 19056 5593 13664 3773 17723 15170 8717 
27073 27769 16717 12755 13162 30894 3212 12924 11181 28453 8304 24715 13012 104 23496 15702 26808 29974 6259 9422 31144 11430 25889 28656 17454 17257 24395 1877 8245 4741 27917 2347 10601 29160 20181 13371 455 3179 9480 21217 9157 31657 28686 29173 7809 23350 7795 10283 28891 9031 10507 0 14185 26682 22766 28972 25057 21389 11509 13333 4520 13496 27625 28050 20679 4832 21046 11533 2791 7883 13860 11844 3273 19792 10310 706 11696 28356 2795 7493 24789 18030 9872 29238 20435 7926 18254 4631 27676 25809 20808 12017 4707 18104 22561 19397 4882 15889 14693 18429 
25677 29767 24319 26409 25618 15950 7590 4391 22869 15025 7521 17179 8195 11179 24890 11847 861 8233 24254 10480 11819 3564 17585 30371 2674 4940 10441 20865 23933 15765 14168 2372 20035 18218 15632 25021 12657 23812 27980 20485 5813 12851 1940 12454 20221 8294 25143 7264 459 25526 28983 14185 0 13364 31294 7957 17837 11125 14477 7064 3394 18424 14443 1247 21089 13908 14347 20046 30718 29507 6126 1279 31858 20431 20499 13048 29870 23172 28965 27735 1892 25502 5805 16004 22846 28477 22081 8800 7435 12431 19636 31348 28143 30981 1094 5156 25235 17026 27862 2013 
23490 30652 21054 21736 22977 14729 19122 2814 5782 6412 2815 24521 2733 6346 31826 19622 17179 24877 21966 31602 20695 26632 2086 9267 20088 7512 9025 31503 3174 9588 24098 3679 26838 15402 10605 19228 14877 23179 23876 27858 25121 4440 21351 19946 25339 29522 184 24565 17425 22510 9882 26682 13364 0 1111 27915 2460 23374 30747 360 19813 63 31867 4633 25175 13874 31748 19926 9029 7955 5577 14838 761 21856 26443 1375 26667 21537 31346 24948 3948 17362 3187 26374 18709 22103 24779 23879 27966 8935 12836 7092 9636 29444 27982 23050 16546 11619 8745 6197 
5262 10847 24442 15330 13180 3739 12366 13105 29062 19274 24125 17679 5522 25139 17246 20105 10984 25195 7745 12025 1428 4219 7834 8174 2924 6544 25149 24541 8438 2118 23016 21686 20426 1463 5246 22718 6705 25035 12962 15425 25110 20499 20952 24060 12427 21408 17062 8283 21115 16784 12117 22766 31294 1111 0 8054 27714 2379 2527 10708 20195 6674 20455 14724 25324 13559 3543 1567 25009 265 1217 27732 3692 10052 8433 14746 26346 6214 11680 19168 28472 14073 2976 22585 22107 6986 25872 9620 13815 16337 29449 13924 18695 17545 10320 4180 10374 8058 26629 26102 
28505 13726 14374 25760 4649 11019 17171 8749 1338 18790 15631 12915 30717 18510 24814 4112 6817 28201 30177 18297 4836 20839 17553 5452 30696 18152 16171 26645 20385 21332 30196 21756 28585 24146 30308 5361 30071 9962 24806 20267 13397 2177 13751 18204 30368 21544 21632 5178 780 3922 28072 28972 7957 27915 8054 0 25374 21769 18010 21087 5737 26873 6670 25803 4343 1812 5891 7284 14241 20236 10299 3509 9136 5951 30178 17611 13389 26920 1466 23882 12017 13261 15758 5768 20693 19250 6306 25873 27747 5316 10018 7955 164 4048 13457 30929 17587 30190 22845 14869 
10793 24086 3482 7429 17613 26773 29828 29568 21569 22953 11187 18999 15619 28275 16135 6282 22961 14728 8581 2762 27349 8195 5527 3390 25181 26914 15370 12194 30876 10339 24221 19914 3024 23916 17766 31284 18823 9257 2153 23480 8299 21226 27416 13215 31800 13430 921 2002 12274 1613 14349 25057 17837 2460 27714 25374 0 2400 24577 10794 28573 10943 25863 26416 5297 13077 19743 23029 15022 2549 28849 24024 23770 23891 26097 6573 26846 10416 28679 27628 14835 6215 72 29922 3603 4165 8034 31971 300 7919 30603 30072 1353 29917 18099 28302 22473 25375 19123 4519 
23836 12528 9045 28100 1717 21405 13259 20661 11695 7757 18292 31037 3848 28964 14001 19317 16635 19438 7041 19706 25739 24838 29912 7756 22190 14681 26033 11745 31269 6863 14351 21709 15694 29590 16978 25644 30585 30210 9364 30351 13715 8453 495 28439 10539 19577 6627 8993 9499 20924 10049 21389 11125 23374 2379 21769 2400 0 18302 27393 7284 19427 25038 26093 19749 7658 21691 7572 23912 6155 16924 24281 17388 29071 26803 25577 16196 14468 804 7723 12765 6312 3806 3888 29928 16474 14096 10148 14925 14734 9367 7485 21401 14777 20718 15788 7410 193 26655 19850 
1836 27245 5923 31568 15411 24465 9729 9974 18550 22801 26084 4465 5294 9573 5171 17879 25485 20234 7468 16665 15641 26737 19577 16012 6608 13807 5581 30639 11497 24618 29431 28734 25400 29374 3869 2557 391 22305 5377 21194 19301 24560 22657 10972 3779 30509 30152 9021 28139 6956 6082 11509 14477 30747 2527 18010 24577 18302 0 17748 15904 2293 26130 24081 14325 21142 17542 21412 8710 19174 6075 13494 24633 16658 29570 611 19699 5394 16897 25580 25544 26713 25958 27747 1835 25479 1685 16990 10271 24084 14044 23721 4582 8456 16029 16879 4530 6049 17668 13936 
19628 30713 12028 7003 6616 1993 13599 14054 20563 6791 16872 6693 8345 16730 2180 9641 28842 26575 5183 22377 9341 18254 22975 11672 2220 26281 11220 7283 29421 30097 7827 30306 18190 14804 10648 7678 19611 5816 12709 26340 13416 18909 30478 8557 18576 3180 657 9891 21176 22416 5007 13333 7064 360 10708 21087 10794 27393 17748 0 28406 5796 15504 6729 353 29901 12657 4434 19503 13178 24552 4900 17224 28470 27887 29051 1042 6281 30514 22466 28637 28766 13443 21381 21847 15741 839 30689 28666 18675 2024 29938 5243 2696 17476 11332 13885 12585 12829 17732 
98 18795 17815 18431 14181 13783 27602 29434 2745 16455 28695 15910 19906 16761 31686 7000 20268 8206 10553 24906 4354 9022 30552 2328 27823 10258 10632 16572 1975 266 27891 1801 21020 31099 31553 28947 7647 12313 17987 10781 4361 13677 30249 1639 14108 10289 25659 29299 29679 27593 14907 4520 3394 19813 20195 5737 28573 7284 15904 28406 0 11913 31036 24972 28092 16607 22148 19618 8833 13445 16637 21110 12846 152 19486 7566 23255 30737 31462 28383 17965 21487 15110 10240 31664 4973 20758 11098 25820 45 24515 26199 14682 9837 22272 18066 31282 19761 27698 10502 
22386 7742 23319 3886 17609 20038 30156 27192 15447 22361 4415 28541 16691 18167 16834 12938 22884 17782 28133 25403 18283 10237 26178 18826 19110 15508 21187 3972 29580 22663 14457 3138 8212 11414 133 8979 19920 6575 3502 29976 21389 26930 7315 24071 15223 22003 9650 9951 4388 26233 16795 13496 18424 63 6674 26873 10943 19427 2293 5796 11913 0 21512 12584 22025 21825 20185 26804 27071 22665 12064 16453 8544 25800 21568 7614 25566 4766 20022 30776 15167 12505 11659 14837 6280 11368 23617 1097 13749 23109 31939 5265 28320 22890 15578 7457 6646 25279 10389 6193 
10365 26608 6209 29711 14578 26942 5204 4160 4411 1142 2839 24865 19300 8001 9172 26543 10975 4911 28861 25042 13458 23845 3118 1102 15840 13262 1191 7763 25348 23402 16876 30935 16179 12503 13561 4623 11630 31408 5309 6307 10997 16094 1455 25977 24764 25593 2254 22332 9566 10831 17045 27625 14443 31867 20455 6670 25863 25038 26130 15504 31036 21512 0 9545 16184 24016 20319 17483 25978 7354 6766 540 26259 18890 439 30633 6137 11808 15466 9711 16259 16322 6507 3753 22799 25678 10753 772 17463 10152 1926 20810 31489 27053 279 1940 21647 10720 22598 6268 
20912 4570 4384 29517 17728 20634 2086 24287 7591 5623 11374 22283 28577 31660 17574 17691 29382 11095 2767 30601 10852 18149 8026 16169 25793 29970 12670 10936 20563 28590 18071 21804 21946 5289 27471 3168 28802 24870 5343 19696 10 3335 3779 28281 18176 12467 11411 636 12640 12825 16361 28050 1247 4633 14724 25803 26416 26093 24081 6729 24972 12584 9545 0 18904 27813 19926 28689 4070 23556 24797 1406 11423 27926 21304 30688 22027 10337 3591 5777 4602 5361 20455 28074 17525 22726 21352 1135 22829 21317 22391 20672 20201 11174 16340 28554 20989 27494 10622 10806 
23443 26647 24595 17299 22244 11087 8947 31659 10262 30363 15712 5748 19745 17573 1716 20379 10166 3079 27729 12202 28786 19309 28475 13765 8999 18464 31176 12242 29949 16638 2134 28314 12939 13835 12832 705 14114 15400 17077 29876 8929 8350 10667 6377 23897 10116 9095 25346 7118 27190 22778 20679 21089 25175 25324 4343 5297 19749 14325 353 28092 22025 16184 18904 0 4586 22618 10116 29014 15457 1025 25750 10415 23621 11155 15120 30359 29657 25220 9942 13949 7922 711 14717 14566 558 6401 4725 19874 19485 28345 20028 13818 12407 31878 3470 6624 20806 23616 22675 
22247 31335 8598 12206 3708 3399 7169 24683 5911 10097 30047 12847 5833 12306 29572 22212 10066 18109 9745 10708 1912 8255 27520 29158 17753 28023 2130 17905 208 26994 23943 21102 11565 28231 6355 28155 23001 359 28208 3822 7078 30058 2237 4468 13025 24461 1060 29980 8294 4950 20185 4832 13908 13874 13559 1812 13077 7658 21142 29901 16607 21825 24016 27813 4586 0 21251 6008 29809 4919 5923 8793 2360 25699 12911 6822 31078 6155 6767 14186 20968 9582 6449 4882 6440 22180 11322 30815 13313 7057 23157 19794 16811 22224 4132 21536 27565 18603 26830 5664 
5090 15646 341 8471 13743 9982 6341 4914 18403 8583 23323 19045 29870 27563 30440 7551 227 22592 6249 24276 3971 24509 20790 22601 23910 26849 15195 15485 21351 14767 321 26651 18067 20872 5927 10442 21546 5467 15871 21826 17019 6700 4841 30054 1770 22109 8122 25482 13230 19088 3892 21046 14347 31748 3543 5891 19743 21691 17542 12657 22148 20185 20319 19926 22618 21251 0 26047 16299 23552 28127 28903 30687 13122 24620 8829 3132 12675 23429 17782 24160 16182 28847 3250 31329 16147 11197 14252 15230 17604 16834 23337 1482 20119 22145 4588 737 31790 11546 11617 
9605 29045 25680 11991 929 1165 27252 18050 8936 23362 5015 12578 17371 20603 23006 7818 11717 13664 3948 15564 17846 22405 3607 24951 28960 18451 28181 31400 28304 4768 6221 6212 3165 19660 22577 24331 13652 30661 1889 7749 3755 11843 21093 22079 10190 26019 6468 23779 24516 13363 10717 11533 20046 19926 1567 7284 23029 7572 21412 4434 19618 26804 17483 28689 10116 6008 26047 0 173 25042 6274 13375 13630 2616 23885 3295 3502 8108 16958 26106 17925 30880 2458 14749 12187 20948 19501 25818 14737 22987 7364 21564 5176 22325 3476 3896 16265 14948 21427 20378 
30960 13805 4129 13074 16504 19698 8428 4575 15270 23917 29936 16507 4603 25553 9934 20451 8317 5166 14699 5098 8381 25224 23643 18937 4387 13427 19982 29604 20297 18452 11439 9392 25974 7599 475 24411 4987 11844 27553 16907 24212 23797 2933 2233 8696 22067 10498 1987 21317 23534 15113 2791 30718 9029 25009 14241 15022 23912 8710 19503 8833 27071 25978 4070 29014 29809 16299 173 0 28588 9490 583 26490 31938 2147 20494 26974 8921 19532 3656 26370 3841 27959 16262 18632 24283 8521 6788 11493 7114 19091 27993 24468 8483 327 10913 22855 9817 29664 18871 
14311 5261 20135 28827 349 20664 3684 17565 14743 16743 17581 15425 18123 13136 18491 18025 18101 27528 16913 297 5492 10727 30606 17589 17807 2160 20038 24920 9535 23267 17368 23890 16705 2304 28460 2751 23223 50 31430 7131 501 21927 19217 14914 23858 22019 9697 776 25202 8496 18817 7883 29507 7955 265 20236 2549 6155 19174 13178 13445 22665 7354 23556 15457 4919 23552 25042 28588 0 254 6981 23528 15709 18920 24489 1930 2607 10303 12190 3715 886 13462 4559 30147 23972 13366 23476 23396 19698 26884 4228 16536 20306 28798 9509 27550 4440 5791 27416 
23534 29472 9394 4716 14750 30300 22221 29145 2565 2818 25501 8327 9110 24303 6698 21015 7295 23047 13987 29641 9056 25601 6455 9325 12387 17919 13837 24532 6646 1912 25272 6897 19649 4907 26604 19695 6045 31511 5707 10473 24468 19384 9341 13337 6971 28415 23042 10396 248 4810 29541 13860 6126 5577 1217 10299 28849 16924 6075 24552 16637 12064 6766 24797 1025 5923 28127 6274 9490 254 0 25441 26454 11767 24887 30598 249 20056 29951 24451 19063 21721 751 8870 22714 25400 3620 18757 7547 31760 8419 8045 8441 15499 30542 23699 16807 3348 16916 27714 
