200 10
0 6152 11480 21667 6107 27996 8263 19514 21963 1376 29004 19521 18962 30664 19198 28308 28850 8731 16841 997 15873 947 24430 1208 4778 21184 8961 9064 16809 31813 29930 17184 5714 7705 15332 30690 17738 231 17664 3204 31627 9263 21923 28845 22629 15170 9603 22236 26487 10825 22702 6498 11450 1598 3715 17250 6263 5361 19639 6616 4171 20484 5969 3215 26922 25839 22702 16169 28761 12797 30333 3098 24434 17229 17859 30125 25187 23506 2776 15870 6767 28498 31081 19454 5419 9579 17268 16498 21891 20617 334 27123 21426 31985 15776 19951 29773 26553 31589 8102 5176 31693 12269 17198 30383 23275 14813 21360 24638 21671 28717 7208 31689 27752 7977 5865 27781 22889 31088 28950 17661 953 13047 4586 2574 315 25350 1392 12266 7847 7994 4491 8985 22918 25473 11503 15474 25401 10785 550 18982 7667 21425 26252 3254 6586 15390 27731 12536 7530 11175 20608 23574 8370 23777 1003 9614 19476 692 9538 4402 31721 13916 3335 6185 16474 3945 16013 9709 21608 3774 29695 6219 11493 10901 7001 15461 27000 19321 19052 21683 25501 19531 21470 5629 8866 30525 14376 8547 23467 3802 10390 4181 175 15356 2634 26779 10360 9684 28728 
6152 0 31153 25951 31537 16818 25385 13199 274 24373 24686 7525 14007 17746 8534 6035 3467 1294 2912 4334 9882 9871 16298 28528 24985 12834 7674 7223 23005 10037 14520 27524 24672 31836 24817 15035 1218 11087 9045 21864 2373 7145 16185 2615 28367 13866 13716 6394 29931 23604 15620 16806 4295 27216 18377 15956 27190 14057 967 16451 28846 3982 20871 29396 17993 15347 22069 395 17863 1007 27043 1555 2185 8318 8771 7481 23190 19135 18736 23279 19609 13814 26916 20553 8671 3211 17793 1410 22108 28680 22348 30455 10150 2077 22060 10793 1527 25757 12910 4030 7470 8577 5378 6271 21710 17891 24446 12122 20476 23556 13593 14689 26499 25925 26800 5576 13010 23856 4548 6889 31739 14703 29816 7234 20917 26322 8086 25716 29274 21068 19338 15940 24040 23797 30052 26013 18947 25865 21208 6539 10224 17126 20288 2624 8602 17937 5272 25874 7312 15152 640 22393 14083 26127 13373 788 19147 2718 950 164 27234 23280 31354 26126 25574 4668 27063 18780 15897 22239 21059 12731 14436 21847 28822 9085 19918 11848 16332 7447 13576 31098 28070 5923 23140 20951 27017 1118 26840 17264 22653 20137 17406 22392 6958 24587 2070 5190 18412 6572 
11480 31153 0 8951 11730 13262 26189 2996 18452 6046 8428 13839 18558 27331 23814 7009 29700 14892 22250 4532 14030 27008 26138 20935 6201 18457 2381 31248 17366 515 22380 2995 3176 8959 6039 24206 23784 8068 9759 15407 19842 18618 2443 17625 4503 21887 25494 389 31419 23651 813 21725 2742 22190 18803 4160 21124 8279 18366 22722 5719 29197 10905 16939 12178 28719 16322 14838 8653 7125 31019 4945 3797 21191 27899 289 14763 24194 20363 6396 3203 25913 30315 21295 3268 28623 24157 3512 25612 27103 8791 74 25386 8630 31619 18510 30244 16982 20544 26846 12336 24435 7968 17610 16317 27766 2793 7829 31338 16254 22422 7030 23051 3676 28758 17242 29609 28309 24201 990 1663 24930 19655 9303 26368 16816 2523 21708 7374 19746 706 10232 16834 9996 18607 3402 7401 20344 5127 22246 4227 12066 13671 16292 8963 2941 10139 23566 31764 3246 934 10596 27280 15758 959 409 22664 3754 1616 8532 21569 19012 2807 10994 4147 9809 12935 8321 23050 12923 16901 25540 11430 25630 8109 16180 6940 5709 20460 22267 23733 31435 357 14328 20460 13588 30703 19391 28275 15444 10899 24984 22828 28780 8848 11133 20273 5875 4952 14367 
21667 25951 8951 0 10616 1599 30369 18790 22146 31323 8997 31824 26626 28578 1394 19521 12319 30251 9072 24017 9985 3728 12042 17948 28886 6898 816 452 24785 28145 8405 29165 27943 18358 14322 28224 15121 18922 8577 12265 5582 1725 23684 22426 29087 29153 6652 30343 29897 30092 10995 2152 26776 23931 4724 26491 16983 24554 30351 26496 8282 8350 12886 15804 18933 10204 15843 2552 13698 27504 17233 21376 31840 20136 5567 5413 27119 6487 11857 10299 27798 31444 13616 22173 8639 6393 30854 21669 18902 29221 30083 15925 22350 315 20315 6578 25245 6561 21062 21764 12348 1346 30336 20121 10920 28558 24648 18784 26724 30582 23010 29391 12022 8305 22933 26077 25574 21115 430 9481 8644 26897 6012 6739 8991 10039 4691 7487 20879 13427 3979 27862 17069 10448 21887 14501 12823 989 22926 4540 1902 11436 14110 29617 20567 30676 12948 19867 19582 10097 15454 27929 24207 23583 28139 4937 6205 11523 4015 24530 11836 4803 2592 26844 1863 28810 29884 10515 11548 7430 6402 681 22651 19050 23157 16977 27435 8557 21661 9542 28662 11338 17926 19010 7593 25279 6463 16520 19990 10767 24285 31708 4115 18689 22903 24711 4729 30431 28329 14164 
6107 31537 11730 10616 0 16094 5053 15533 11134 27473 1122 546 27040 25665 10191 14026 27162 15105 19819 22658 17309 4725 6063 29625 23790 7959 29483 10609 29414 10740 11137 9796 5489 3503 20584 11869 7823 13181 19883 6010 16725 7207 23591 17904 1004 21515 2768 13735 13968 539 12972 28185 1426 21212 2261 4439 25687 4967 3195 18180 9559 5739 4832 21591 24350 17961 16731 3357 1870 8567 4949 20661 22427 12990 20046 7186 26829 7163 5081 29116 8386 3521 19611 29135 12905 18997 15696 18427 10695 11025 29894 12674 24565 5537 23263 60 1824 968 9363 5270 6279 252 22252 25486 26241 10822 20488 30392 6516 12611 15130 26172 8415 22053 5737 23510 17744 28082 12367 5588 8814 24131 11579 24091 8433 8134 431 7203 31908 14524 28482 15606 19050 18236 5791 18484 26166 30702 22916 21522 2064 3857 30916 2902 12055 22133 1349 9308 13945 14465 22274 27924 18045 10286 10250 18433 23162 11529 30335 9019 16604 24629 8087 366 6182 28518 17566 29657 20202 6631 25330 10575 11474 10901 18438 21305 17306 1762 4447 16530 31508 8147 11418 19433 4387 31489 23907 25698 2752 13723 14975 3509 17912 29282 10179 21550 29675 29100 23578 25003 
27996 16818 13262 1599 16094 0 28284 10739 25035 15193 24014 3757 4836 6500 29523 18894 8502 23822 10606 13568 29075 11827 3555 31697 2098 1684 19162 11699 29614 15061 10722 10492 28166 125 2027 11494 16797 23544 23370 20623 21050 14487 15544 2296 8968 20620 21842 7433 19094 16114 28057 13450 471 29634 26481 20266 4641 16350 15909 18298 25649 17929 1632 20465 36 2539 27444 30185 30846 24848 15638 9376 3622 2024 23006 6455 2406 1735 16842 28340 21742 18150 2939 8450 30673 3935 25590 30703 4741 30259 7587 9516 21990 30791 6223 9807 6963 25697 21292 22995 18702 25646 27087 30998 26750 31806 4400 6232 7151 3844 4525 7617 6447 19930 21253 20570 13682 20730 22880 21009 24398 1413 16196 7353 8639 11647 14496 519 6946 27599 5572 11925 2364 15938 15718 11489 16435 29832 13725 23629 13203 16948 6888 31263 27209 11454 8999 7809 3498 6019 8351 13185 21612 15811 31738 1809 7594 14497 16451 14599 21986 30245 2284 18973 3833 17724 3530 4849 26677 18101 8983 16644 10561 31045 13934 25278 10028 14723 20177 24167 22120 13803 4005 29230 18382 31453 12210 14884 8855 29341 2087 10049 10083 23636 1427 2140 13109 21005 12524 1078 
8263 25385 26189 30369 5053 28284 0 21396 25260 23309 13225 14001 17384 5309 1341 28107 2734 18294 19230 22804 22527 21601 4355 5682 22476 23073 22683 832 12798 15048 12676 16842 4205 6366 9301 14803 7914 22367 16023 4304 3639 8891 4805 11436 3595 24279 12113 14789 20497 15368 10912 9451 3559 9501 6667 7013 30497 18515 5342 3565 19525 6752 13402 11697 17359 19051 5813 28498 7213 20752 22038 3558 4801 25694 6043 30968 26339 218 30293 29316 24542 23164 7753 29694 16624 29871 11887 15690 20301 4179 20660 19395 21786 10427 12537 25398 7796 1457 30482 2789 29544 10607 21962 1158 10746 23718 30940 22595 3617 11129 5882 21690 28871 23680 23752 1533 11723 711 2014 13712 5888 26062 18635 30320 1581 8073 24079 7944 21516 31584 1310 15675 24909 5933 29794 11103 3475 16962 29495 318 13428 7010 16878 5909 15483 30917 8908 2967 2854 23 23051 15081 1258 2167 13269 18340 4908 13690 30030 5336 8520 27431 28296 17157 7308 20730 27534 15394 28987 19427 15708 10137 5772 1862 13283 27974 30378 26875 9224 15997 4019 9805 24995 1795 20411 10492 18561 29457 13769 9277 12388 31574 14807 2999 29441 21235 22739 4998 29183 28031 
19514 13199 2996 18790 15533 10739 21396 0 17567 16784 6114 24968 10515 12873 4293 18351 11130 20412 14863 9221 29486 24101 9148 31529 14156 27140 24973 9723 12217 19227 6662 14753 9240 8562 29039 8068 25302 21843 9428 1616 18975 8271 27654 25848 15335 31544 6041 1713 9955 13862 29413 28659 910 23924 25094 636 20773 20928 18909 22093 8620 14575 7181 23979 2023 1064 20735 19744 9059 27093 28895 9337 8300 29862 3486 11207 12821 29070 14831 30303 6196 30916 7754 26074 6500 28100 25581 8471 2306 31821 18135 5941 16689 7777 1741 1434 11223 4169 27222 28399 13982 23696 19903 10786 23540 23556 3608 19044 8973 11449 4661 14122 5853 13573 19887 7469 20256 10630 16609 29034 28754 1817 28653 31267 10424 4833 28341 17117 10838 23879 22500 8033 14071 17652 20451 11964 6697 27353 2021 23360 9791 16681 13532 23169 14926 31834 7810 10842 16178 9513 4178 4326 10119 916 24461 8072 27825 11742 28983 13029 6869 2191 12568 28645 15326 14962 4541 18870 27770 15254 4725 30154 21275 18767 15445 31445 7415 27699 9524 10193 266 30750 26288 4347 16400 3119 11561 6356 10892 2505 9666 27169 5316 9107 3428 236 23747 21626 10171 5505 
21963 274 18452 22146 11134 25035 25260 17567 0 23229 26085 22661 6994 3859 10705 21590 5124 28400 14938 616 23614 347 3404 13484 9337 11697 17225 14440 17662 22946 14022 18230 20461 23089 27916 4101 2105 29624 9528 11798 23465 24545 17979 13567 29912 18349 28890 10156 11318 18033 30382 30809 2053 27092 23078 5272 16988 13522 20096 19793 19495 5820 15059 29117 17445 28981 14088 16490 31208 8502 3804 25658 29656 26378 15327 867 26160 1107 28280 10864 14591 7683 2782 24894 1321 21604 7456 8703 5219 14864 27422 20539 25658 19961 28302 19146 10508 1890 20216 23771 16141 18148 25785 18160 15428 26729 16131 14559 25739 14132 6875 21714 12945 27351 26137 12871 19419 13883 18540 21777 4031 13724 5204 14677 2151 31370 19749 18318 29652 3817 12298 23945 18905 24561 9471 19305 10779 23598 18390 20643 26647 23425 26675 8707 4379 11037 2448 24742 22347 1930 22329 10493 11422 8101 15440 208 10975 6046 19402 24632 8876 761 20336 15011 5498 25742 16863 27092 13711 14984 20104 17121 26885 26985 21680 1843 18893 20740 25713 26504 8106 15745 16823 4852 25394 27996 24131 7131 18128 5990 25260 4089 10181 22723 10328 26970 5921 19690 13959 7522 
1376 24373 6046 31323 27473 15193 23309 16784 23229 0 30306 5910 29759 24660 18792 9391 12435 10336 21623 4633 11196 14326 17903 366 12397 12610 17239 19822 893 27670 27734 4730 24040 484 23996 7321 31694 14534 11130 30325 4209 7801 24740 26974 16441 28764 2933 28997 13746 12404 10314 18624 3979 4202 13988 24588 25495 138 11561 26117 19151 10693 31138 16942 20301 28846 3325 5294 30801 30079 17227 13903 19007 4372 450 16000 15774 20206 7100 31315 18457 560 25780 30079 22912 10916 11598 29022 23494 3254 14159 27374 13059 8053 17567 6867 14962 6296 4429 27730 19060 25462 19850 4694 13706 11532 11436 26989 17757 20986 21291 6347 16568 28804 26022 28996 25995 24468 734 3669 28393 11957 15032 13595 4617 9752 9022 28505 30024 18834 17309 629 18468 22683 8999 24697 10305 19279 15697 17941 12390 21103 3509 8091 30080 23136 1039 5377 3229 2858 3395 2529 30192 16248 4181 6779 15826 5789 27502 7855 23486 24460 31964 9990 19027 11742 6672 31914 30805 17614 3233 10856 21674 10559 7751 26548 16992 5556 4832 13220 8613 85 9581 15602 18892 6128 3604 28925 4685 18164 31007 30919 17348 13174 6394 13815 10736 14638 2872 16343 
29004 24686 8428 8997 1122 24014 13225 6114 26085 30306 0 26630 8716 14030 4151 3942 29985 21023 26393 12466 23082 21992 25290 11854 27785 4838 28868 2260 12370 29965 25655 24334 1616 6275 28678 31229 12799 11169 11466 16598 23697 2551 4044 14593 4587 10822 28940 3867 14247 10886 5183 3571 7954 18144 4298 9358 29485 24498 26314 25380 19117 30352 31758 291 5629 12607 5656 19241 10296 20666 21537 15884 14898 16430 17428 28371 25710 2304 19856 7356 9511 21188 15849 7990 21577 28485 16933 29926 13686 20098 27137 17316 26116 428 10987 18812 27643 14378 21511 27568 11546 19352 8236 13234 27601 13249 9190 17964 22085 2475 22899 28410 29777 1929 8392 7724 13953 3016 13196 23558 26390 5636 13337 24066 15367 18193 9343 29898 17660 25590 26243 6208 30547 21227 17562 22649 11805 7008 25328 29371 7712 25335 20069 17028 25044 31110 28812 16772 31080 19736 7085 4255 17596 27114 30914 27630 870 1648 8827 15549 21679 28240 1851 1164 17300 8292 31514 26128 13512 11706 15844 12592 28591 20885 25366 19211 9314 26730 27109 17134 22959 28645 12601 18016 1303 2532 29868 10009 28625 28793 23437 21764 21699 4330 26337 26434 17806 26546 94 5671 
19521 7525 13839 31824 546 3757 14001 24968 22661 5910 26630 0 17625 23925 19510 2133 26147 14700 29914 9080 22842 31384 2620 8379 10594 9489 9766 28793 18793 23027 21988 13583 7323 28510 4424 12511 26573 24949 12709 21839 25428 21855 980 16328 11275 7242 13875 13239 18001 11619 26530 8336 9994 12000 8581 7879 10138 27896 20166 28630 3822 25318 19921 1851 2932 12778 24982 29304 13855 9289 14988 31250 5477 12361 28073 2451 5184 30006 875 12168 2865 16736 24531 12165 14906 1564 24677 28701 20192 24000 17451 2539 24112 6056 13488 12941 26551 8244 17926 21668 21896 5576 30401 983 31035 15563 13050 29646 5354 2217 18510 4920 18739 4051 29917 26565 11577 6075 24908 12845 14756 3801 7621 20521 21661 3241 8690 20854 20179 20907 21254 27605 24698 19810 949 1038 12104 5463 25912 7914 17783 25876 8779 29493 7622 11562 16688 25539 6009 31533 15274 30312 31829 5299 28675 24574 2470 22873 11527 31588 21817 24767 8967 21115 28259 25992 28632 5416 18682 20060 8659 7253 16471 10982 9684 27889 7515 13271 22843 15084 4200 19938 1774 23101 13412 2495 22614 20700 4538 6953 27999 19145 5465 25825 19065 8196 6580 30121 23450 20116 
18962 14007 18558 26626 27040 4836 17384 10515 6994 29759 8716 17625 0 25576 30845 18748 22245 4252 24579 8862 15509 8632 982 22896 13224 16272 12740 24658 14321 25233 21036 30457 22236 22072 23554 13101 12902 13849 22476 29900 30752 28121 24487 30661 28720 16948 8771 17694 28240 16888 23010 13806 23245 21000 23389 30307 12168 10842 2590 3005 29944 20473 21799 16208 20006 8451 18697 14726 26287 17836 31470 27866 1221 16185 6799 9438 29742 23557 23870 29750 9284 16511 6365 19611 1779 24105 10469 26329 9662 31899 864 21712 7865 13950 10735 30070 7824 28817 13764 212 25470 27559 20137 29444 17239 13734 12535 11577 8063 11401 10143 20918 27376 1119 4644 24277 13112 15946 24223 8962 3704 13441 5562 14782 10085 3662 17845 6044 15691 17169 6755 31559 8453 9018 18477 633 12806 18770 7694 3077 25683 10483 29590 21198 16517 714 15847 25805 23244 26524 30651 8207 24295 17470 14683 12212 2604 19612 9128 6129 9606 3507 27670 10767 5234 24214 24492 3434 17921 29292 22278 13938 16601 18800 16211 28589 6707 13296 5974 22194 30174 21838 27752 22063 5435 9986 26228 12004 15422 27797 14586 28326 19571 17831 10509 31837 13814 7146 4181 3845 
30664 17746 27331 28578 25665 6500 5309 12873 3859 24660 14030 23925 25576 0 10862 18509 21302 1757 28856 30728 9342 25191 15984 25326 9413 21714 7665 9347 12183 9619 29816 28333 30820 13698 2856 6329 4992 1246 29702 1876 24867 10053 11773 16018 11114 20415 987 24297 2899 19123 7761 8757 29891 31470 1013 21940 16258 25250 4162 26890 4668 6756 31125 25149 28289 20780 22321 24761 14789 22615 4667 8269 10335 6055 27581 28714 19596 3392 2981 17641 5740 21420 25285 9093 18435 9431 19412 11611 1848 19218 28779 8240 18648 13074 23304 20522 26002 23793 27405 12500 3579 26666 24000 18718 17547 3488 18507 16218 28573 6551 6844 20542 19825 30649 7429 21735 28972 13073 29180 16339 20182 25617 7515 7397 12122 18574 28351 4451 13960 12737 8108 23546 25364 3399 13702 23224 4503 24353 6552 527 28044 19892 2576 23000 3155 4809 8192 4684 19504 396 20317 26123 29260 2448 26370 14360 7090 13256 4268 30937 14161 9613 18430 15899 6143 6814 27774 11786 25203 26650 13717 3644 8009 1415 12178 15014 9729 29901 17574 11940 12030 25402 14823 30964 19082 3710 11344 19130 25552 19119 5054 25980 16607 4421 16372 11558 31916 26910 24215 6406 
19198 8534 23814 1394 10191 29523 1341 4293 10705 18792 4151 19510 30845 10862 0 22649 20088 29397 13165 23732 28629 26012 2101 18621 14233 23977 16707 22529 6238 30757 6572 19172 18485 22317 1786 24765 17314 7122 16940 24023 17564 26136 19122 2160 18576 24824 23922 8891 4188 13152 31432 30431 6742 1583 26239 21495 11076 1084 9435 1298 18531 23118 30609 21555 14947 15651 27851 6480 2662 23147 19751 8789 518 26572 9398 17696 11854 7390 16382 22915 24510 11565 12794 14663 10825 21563 19223 15653 23640 20349 8759 17101 4295 23388 2992 10721 6628 14644 8011 20729 4981 10581 14407 7838 22193 28166 29270 29265 1603 20863 12188 14723 31052 6637 3253 22428 22879 3952 27053 15094 1925 31773 28679 19937 9529 13565 1721 670 7531 1294 20268 17510 6270 15424 14910 3171 588 12919 28737 18867 1823 15245 25339 30314 5815 12366 16807 3726 24904 26748 31728 1818 23931 17355 19194 23806 16234 7651 8795 5403 31654 21603 14619 10825 20531 19674 3258 8787 13704 26830 21800 503 26513 4535 5837 19688 26798 10754 3456 4557 30900 7952 15249 21826 7657 23095 26305 10708 6410 19645 6215 6919 28998 25570 5067 14673 29761 5333 25452 6686 
28308 6035 7009 19521 14026 18894 28107 18351 21590 9391 3942 2133 18748 18509 22649 0 8853 5245 14154 19718 23 24290 8063 22395 5035 25618 16852 27704 6587 10552 8468 14218 5880 14916 1362 27013 22611 13034 481 17661 30981 13731 29276 4238 23688 28332 1696 7318 11932 6659 10189 17974 25412 29038 5706 29781 16328 18292 21695 6814 19378 27747 14105 11646 23761 17225 21386 13352 5177 13052 4487 15506 21826 12051 6858 24182 22405 13547 26447 15954 6116 19364 15703 1897 22656 1826 9576 27584 12225 31758 29516 13091 29522 22483 19470 8990 19746 17826 5889 4358 10597 111 1722 22766 16274 18162 6418 26291 5476 27304 5926 11506 29402 17360 4696 9485 29752 12655 25676 21803 30725 8014 14315 20533 11019 760 30564 12250 31835 22717 24871 6029 12871 12211 30186 13443 20326 6064 1957 16567 10900 11601 10134 31974 23793 6647 15167 14740 20702 3526 28003 18437 13828 17061 14093 3142 1870 578 21386 27427 2027 5900 20332 24367 17997 23351 31878 25536 7982 13757 31474 1008 12678 4440 13071 19358 27287 25225 21116 23660 1506 12437 22559 23488 31536 900 2850 30916 8075 27937 29937 28519 322 5374 30270 1370 31978 7533 12798 1044 
28850 3467 29700 12319 27162 8502 2734 11130 5124 12435 29985 26147 22245 21302 20088 8853 0 18090 20410 25297 17370 30920 13851 29614 29148 24816 26341 26745 6287 18399 5626 17560 30780 10790 23952 15431 21126 13609 22066 14230 20320 18979 1214 20326 3857 31520 23140 20592 7735 4353 18093 14398 449 31100 8817 13615 10995 25881 14560 10615 870 11318 19066 10269 24069 22531 2582 29947 3089 11142 5854 3521 16925 5272 2129 5362 13074 13541 25152 26341 31532 25072 9169 5829 12795 9485 12927 23697 21859 12901 27671 12316 24221 29942 9148 12558 13875 3727 5604 13793 13319 17880 29785 17893 9548 8519 26936 7228 18059 20268 2805 8670 18847 14246 23637 29590 20409 28075 24178 25858 27741 15876 31675 29847 10339 8270 5873 22427 30199 16379 31019 28969 17817 31822 27858 23344 28189 26722 9637 23924 16811 17699 18101 29579 31680 1875 27498 19681 21291 20870 8573 18100 26641 806 24572 29208 21225 8304 7241 5876 7040 26485 12826 9475 14582 18970 30073 17876 6847 25880 12230 21450 7331 3836 5040 23068 4030 17959 18752 6102 13440 17871 28110 30422 16557 29692 4361 8399 22878 28043 11251 24905 6399 47 13026 17311 1615 9323 2432 31488 
8731 1294 14892 30251 15105 23822 18294 20412 28400 10336 21023 14700 4252 1757 29397 5245 18090 0 6763 23725 10007 18005 6174 16711 27246 20528 16112 47 8565 13766 27307 6089 7944 21325 12990 1692 29864 1310 24891 16210 29304 6327 1241 13501 7746 23481 22770 19920 13169 6377 24708 28321 12055 3122 20787 30060 17384 28320 7235 14993 24636 31077 26785 3475 11791 22998 8667 14362 3331 14190 24610 1009 6236 13256 846 11272 9985 27304 6104 27506 18560 29938 27616 30566 18442 25264 3112 31809 10609 15887 12822 9089 10544 2913 23477 2762 16226 17947 16306 19683 8136 27094 19042 1209 13255 26961 9914 15193 9062 12653 13652 31993 19539 9774 5487 20463 19166 10431 7150 11958 28923 5229 22871 4335 20290 15274 7381 25949 11249 28170 25909 7655 2280 30024 30187 6808 8362 5441 18444 15265 26978 1526 3412 23380 6106 31886 12321 20009 4228 12624 22901 24508 30324 18347 27383 22732 11874 26160 497 31036 18860 11670 27474 277 7761 12980 16044 7808 13557 2697 16438 1487 21731 15926 29386 23668 261 22272 6118 19206 27628 21842 8365 27458 4813 13240 16358 22279 7296 25572 24827 8024 29058 22444 11003 19549 14580 29961 30615 26209 
16841 2912 22250 9072 19819 10606 19230 14863 14938 21623 26393 29914 24579 28856 13165 14154 20410 6763 0 15800 22736 15905 18264 17491 24420 5483 9144 6339 20909 6044 10717 28120 6103 19615 29134 25112 14406 8723 15048 28092 24720 24395 23612 28338 24447 14159 22478 9627 9489 14042 19797 12236 16249 20572 223 4943 25630 22776 20908 13025 27032 2180 19505 22260 18360 28814 6164 10924 6015 5203 31540 13795 4899 18376 26783 26151 6415 19859 27548 3768 10465 17680 13985 22925 25452 12366 6747 24398 4278 28945 2987 5464 4345 20944 8357 19902 27556 30390 5009 17988 20312 27810 15595 6500 1517 8233 7269 16716 30573 23185 19682 8411 15381 20694 4986 29865 345 5287 19835 25854 6366 5991 1380 29655 30848 12334 23273 3046 15691 6343 7668 28305 7300 26545 13216 20208 28575 7968 11069 14032 14920 6139 12881 5556 6236 5085 6803 15057 18927 13335 21487 23312 13894 31914 30087 3598 24539 22351 14254 17692 28766 2672 28141 23873 12976 15406 6400 4917 4072 31579 20184 101 5456 14719 21144 9204 29031 16854 1433 24501 31198 18509 25704 30772 8861 24714 7109 5292 31421 995 27300 13840 16780 1379 16429 18693 19342 8394 9149 6628 
997 4334 4532 24017 22658 13568 22804 9221 616 4633 12466 9080 8862 30728 23732 19718 25297 23725 15800 0 30300 29721 2782 19306 10908 9181 9883 7127 5567 10585 28478 12648 11788 8068 21327 31254 5581 2269 25693 20833 5460 20323 25338 29772 8436 19868 14523 4957 22020 17040 30009 15775 225 22476 23060 30113 3562 9312 19435 10357 7042 9186 23398 9394 28178 16233 17710 10611 30980 19091 27632 23894 21962 897 24926 21631 18134 3287 23854 2708 15009 30397 17178 24512 18598 16865 8160 10929 13412 19828 10560 8346 26464 26921 16641 25650 31265 20283 29165 2227 11827 8548 29393 31965 26661 26855 9087 11250 16780 8840 2508 22969 29695 10639 22419 16508 27418 18890 28082 31754 14460 14728 21257 7095 5833 5792 14206 3415 27049 26217 29692 12104 18120 8640 4976 19046 25558 8198 15820 4629 10373 10528 20485 7739 8078 27766 19733 29764 685 2549 24826 2590 12705 14 25526 12603 15150 15797 22094 12691 21531 8036 25292 14240 23861 25366 24381 23136 24651 14926 19125 7767 4913 14350 19783 27020 20159 23777 15119 6280 8399 5843 4393 25435 14147 13684 29367 30871 28413 30937 14303 27476 20710 3740 21964 14635 3049 728 29609 18236 
15873 9882 14030 9985 17309 29075 22527 29486 23614 11196 23082 22842 15509 9342 28629 23 17370 10007 22736 30300 0 4112 24175 15190 14415 25002 8935 25963 6541 22767 1318 30390 12632 8089 19132 17403 20747 28152 4686 12437 7443 6639 16789 13424 1780 31735 6749 22799 21315 4123 10375 15495 8108 20985 19975 2945 20718 24007 16359 1084 10202 23372 833 30345 12119 1762 27208 19661 18529 10362 9792 30466 9989 8856 11393 694 19558 25427 19320 778 4795 28758 9382 9652 7759 24033 9887 10750 27007 20936 5643 24004 17599 1650 1960 9849 19093 16859 24646 29218 27548 25747 24009 19545 27522 23996 2858 18764 24073 11792 16502 5307 10762 25816 12750 26109 1645 11254 23909 4603 31283 13788 6789 28723 26732 19602 2698 30902 31553 19380 9444 12074 13802 8305 13337 9673 26040 18061 21185 1632 13325 20831 28296 2384 5215 25299 18479 30864 19768 12649 28043 14505 31545 564 17796 13240 3602 11228 1047 27504 15499 7324 11604 30229 7294 20037 7777 30849 3545 21049 373 11299 17313 18544 20701 22010 18154 25206 24570 21918 28128 26218 20288 6456 25793 11264 4665 7557 10208 6528 27008 29654 931 10693 29126 17682 6021 26943 5328 17075 
947 9871 27008 3728 4725 11827 21601 24101 347 14326 21992 31384 8632 25191 26012 24290 30920 18005 15905 29721 4112 0 17549 18772 31159 409 4371 19733 2706 27716 4090 26740 16857 28591 5746 12462 9905 10952 4884 4067 20643 5218 3546 19223 30365 305 10276 2097 26863 7633 8116 15358 4430 29119 18609 16173 27860 25181 5798 16211 8445 10737 4227 17639 23977 23205 22937 13126 30751 26503 13473 17840 23559 7049 29876 5448 3695 5761 4691 4118 10950 22057 4960 519 27618 13854 8226 3818 10492 25572 30531 13683 18865 28127 30420 20283 22530 14938 4934 4285 29780 1923 21618 857 23407 27499 26513 3667 24706 24585 4163 28884 29468 12599 9611 19174 7987 1458 8399 3707 1056 23581 4571 2150 23967 5886 8670 24671 2514 25790 5739 7937 28990 23212 19320 7118 10187 24569 15456 3881 19399 14779 30691 2393 8418 1261 12068 29324 31538 13932 9129 5840 21551 9210 13918 3610 13751 30014 24977 20802 17930 13761 15349 14084 18381 16370 28578 26623 5898 20257 18706 28089 9773 30342 10276 10647 1800 10042 2332 20968 24270 9275 416 218 29978 4459 16571 8065 10216 26512 5340 30678 26777 852 23767 12725 19954 3397 7393 17373 
24430 16298 26138 12042 6063 3555 4355 9148 3404 17903 25290 2620 982 15984 2101 8063 13851 6174 18264 2782 24175 17549 0 8175 2362 3107 11344 28196 10413 19811 22707 11356 31392 19263 25668 24997 14765 21052 9943 24957 6495 29269 29745 15577 21048 503 11790 17697 9388 3843 11292 4656 18982 28881 19967 30294 1792 17705 30029 4952 6285 24906 2194 15468 17424 25572 25675 5183 20676 11296 30188 29937 2004 22165 9947 2069 11873 18770 23668 10419 5250 10201 2566 328 1597 22047 6354 29634 20880 399 31249 12679 19564 3845 9964 8301 18614 11478 3715 27840 7495 18884 10216 3137 8171 6156 27683 10531 11107 1883 22830 14862 7269 19153 26872 29470 20120 23559 7524 20195 9626 29188 29001 1376 252 2631 28017 3854 16963 22978 5788 10968 21222 25819 28028 22558 6996 27243 952 22964 749 27841 23275 13026 29446 12702 2212 10083 24552 15416 5477 15976 14031 22073 5286 17045 26348 3262 6354 16128 26469 10075 13894 567 11858 14099 1623 6200 12480 3426 7754 21368 26800 14645 7003 18910 21782 4846 6585 20167 28892 11619 14214 30979 16094 25054 6105 9684 15853 19740 22973 27123 29134 18767 10034 10636 25402 29725 9001 62 
1208 28528 20935 17948 29625 31697 5682 31529 13484 366 11854 8379 22896 25326 18621 22395 29614 16711 17491 19306 15190 18772 8175 0 8843 1728 27731 8906 31443 4853 3158 8078 14215 16247 6108 12181 20485 1859 13153 20415 20075 10139 3369 18478 17311 12036 22330 10571 19016 28998 22110 19391 2514 4976 21284 22139 11631 30419 8924 14514 28689 22275 8607 10714 6514 11995 14405 11439 28429 17526 22893 3889 20259 11319 1145 25762 6328 16322 14737 5258 13460 9986 3740 17076 6979 20258 6731 26415 18710 29588 783 16974 18976 6926 29471 22953 12603 3721 10868 1051 6914 25922 25549 22467 11733 1977 28588 16900 7386 6838 9559 28549 8694 5951 24536 24115 985 15268 4095 20795 4080 5236 9308 22289 8305 28806 7751 18796 6484 29426 1497 19016 25940 1046 27120 18148 499 20114 27696 29891 26484 21581 12797 22444 10720 22895 26499 14507 22531 28006 19375 11278 5741 27362 8499 4457 2674 29914 13447 4243 26155 31109 24292 7335 27507 12898 1608 28933 24556 7730 4470 6736 5624 2553 30451 24942 25537 2818 15627 26252 13619 473 26570 3864 29693 5967 4356 1478 8085 16250 20559 17293 13617 14771 21253 4008 17616 3479 19012 28821 
4778 24985 6201 28886 23790 2098 22476 14156 9337 12397 27785 10594 13224 9413 14233 5035 29148 27246 24420 10908 14415 31159 2362 8843 0 8605 20156 10045 1409 7994 12097 24499 2406 9386 9305 30265 26543 14526 2651 3340 30941 21661 27506 12221 17221 25536 3741 25902 31504 17397 23728 9880 4412 16991 337 22152 7065 8564 18939 21213 27084 4862 17406 26059 591 15131 10108 20187 4207 13117 23918 15593 31052 1066 2205 20772 22749 9725 28840 8721 29417 2339 8196 12936 17678 2654 17143 31413 30654 30917 17052 26648 27964 7873 13795 21637 13731 10769 25742 3877 4576 17351 19764 21363 29619 1865 7233 22591 2481 31057 12020 16558 9285 8173 6495 8760 20650 24959 7530 1192 19698 9661 12496 24351 2050 15026 31264 9233 7827 26299 22205 11334 25650 25227 20191 18650 24640 22056 8592 15678 18419 23531 15279 15413 1107 899 16623 27351 11326 17906 1497 25488 4197 6799 3270 12321 11340 24322 3813 18846 12877 27722 29499 8559 1429 2746 23198 5456 14117 27639 4280 30032 4562 17148 4618 3285 2885 10519 4582 2709 19708 11497 29043 6302 14151 20328 19373 20559 21835 1760 25443 16477 26882 13038 13623 25551 25913 11908 26784 11778 
21184 12834 18457 6898 7959 1684 23073 27140 11697 12610 4838 9489 16272 21714 23977 25618 24816 20528 5483 9181 25002 409 3107 1728 8605 0 4967 11677 1088 4874 11451 9667 26491 30695 22549 21503 15874 2540 20619 19164 6844 3638 18515 21131 3506 3719 27594 28385 8465 19015 25710 24405 22827 16256 21219 7173 14196 8671 20976 21169 12680 23993 30337 29374 14883 8451 21158 9267 15910 18775 27793 16830 9368 30196 19099 26543 19361 445 26431 27385 4495 29752 15644 22839 17875 8847 15093 30884 15108 2961 19635 20000 14298 27825 22624 5169 50 17669 15917 15870 19472 17223 21868 84 22167 21718 29333 16292 20241 8884 25668 9474 24300 2951 28728 3110 11449 10652 22868 3182 21294 21214 22944 30169 27941 6370 10312 23051 3993 16350 28826 31310 16558 19884 24843 22926 3241 202 7218 12380 28147 19035 15306 28651 25881 24614 22963 19220 25549 11669 2543 10068 22756 21430 20904 9675 11609 13628 15400 9022 16712 26494 17886 13589 29171 16757 26719 11356 6591 19649 6753 4805 1078 20900 17344 10915 31237 20739 20348 29167 18174 1899 8119 9542 9494 25609 3514 12519 19303 7599 27888 17080 28206 6101 5096 16705 15308 29844 17495 19374 
8961 7674 2381 816 29483 19162 22683 24973 17225 17239 28868 9766 12740 7665 16707 16852 26341 16112 9144 9883 8935 4371 11344 27731 20156 4967 0 11555 21507 4670 31814 9869 30359 15843 8349 11815 28522 1537 15146 17295 24022 5904 482 2711 17388 17596 1135 16967 1647 1765 14381 21463 26326 28065 29999 18104 5451 14646 30265 17290 5552 16163 21956 5925 21654 31766 4351 11410 9286 5109 1227 5648 12474 16343 28860 1041 3747 26121 29 18492 12131 3596 12010 23403 27153 22419 26580 21677 30842 4743 30018 27715 29724 9220 1101 420 22826 7004 7106 3194 1677 9745 11809 11940 14303 5597 3490 11061 5232 23211 26924 25457 7491 3740 23390 24533 14608 24837 22664 18189 12609 12654 15024 24829 12022 29843 15248 7355 15875 19556 30612 1168 19695 29446 28894 18173 11509 19665 2372 14770 3844 22865 31822 19862 1729 16200 30522 6851 2689 17320 250 21641 28753 20379 31282 22633 30448 28029 14396 8729 14801 19422 24870 19332 13340 14211 2481 6344 18092 8547 7505 26168 13584 7084 28721 15706 8843 22973 15406 16360 5398 13868 5337 14032 29274 9919 28792 3126 3001 17780 12547 18542 1604 20603 3880 7685 28612 10040 10569 22455 
9064 7223 31248 452 10609 11699 832 9723 14440 19822 2260 28793 24658 9347 22529 27704 26745 47 6339 7127 25963 19733 28196 8906 10045 11677 11555 0 29673 28344 7050 17874 13877 1287 9685 8194 23665 12863 661 4217 31174 23836 5363 11954 3040 5465 11678 15917 28401 3514 1993 11117 30893 10244 17196 3067 24653 28416 28672 7777 18317 7292 2308 19760 15022 2635 26492 12027 12405 16705 24109 91 2603 30264 8546 9962 4252 2575 19691 14152 30489 31399 27930 27674 24951 997 30149 12039 21775 30131 17736 3258 17596 24063 8576 15844 3553 26555 15058 10808 29281 27869 12067 23661 10917 28765 990 4417 19099 8507 9714 9585 22962 20855 28626 10178 18144 2072 10612 19708 26781 26918 31059 30187 1510 20656 31854 12125 17468 15048 13384 10535 16291 20355 2535 16929 30116 25339 20693 1319 21580 29261 19747 8215 11820 9884 10082 28630 16472 19469 28585 75 13672 24777 10643 30562 8059 3071 14142 14603 30768 6113 27470 17210 11436 163 1512 17895 2200 25984 9657 6668 17696 6837 23789 16042 3062 4485 10297 25028 25934 27188 26067 23139 20448 29709 26486 10385 11242 9309 25439 29279 17453 5750 31315 4833 20716 5294 15000 557 
16809 23005 17366 24785 29414 29614 12798 12217 17662 893 12370 18793 14321 12183 6238 6587 6287 8565 20909 5567 6541 2706 10413 31443 1409 1088 21507 29673 0 16666 19557 4859 31067 16509 6277 9170 12630 15678 15853 14149 5953 21982 27219 29855 16221 31729 23809 22845 21116 29728 25555 12180 2822 21287 24893 5416 12024 215 18754 30613 7903 12820 8573 8329 18145 29912 284 7623 10933 10798 4319 22053 22950 31288 3613 1679 31380 27689 17600 13059 17906 20811 6212 15250 712 19962 29883 19813 2482 22951 25547 26805 18399 16086 30638 24785 16147 6176 23089 22812 31910 20529 17334 18444 10370 10954 306 29740 28712 13760 27439 31258 8619 21756 30667 18057 4276 16249 10422 5696 10364 31048 3640 30234 26069 24463 19752 20228 23073 7301 8694 20737 9560 10871 20898 1321 30214 22983 15298 16037 6219 19943 19328 11444 23257 30562 921 18601 11513 8147 28510 25066 1670 22507 15031 6899 28912 3951 5915 24657 4922 31288 19097 31399 5884 11825 13010 684 16482 1372 14588 22570 25899 12237 23265 15616 27818 13229 10973 14881 20424 25656 18147 11923 6400 27327 25721 18800 24929 16551 19127 4072 23695 12136 20299 20797 18882 21390 23672 14533 
31813 10037 515 28145 10740 15061 15048 19227 22946 27670 29965 23027 25233 9619 30757 10552 18399 13766 6044 10585 22767 27716 19811 4853 7994 4874 4670 28344 16666 0 9854 10470 669 18 7923 20316 8342 19044 14055 22283 30598 28523 14916 30662 25357 6000 19676 2247 5035 31517 28002 28331 4552 31616 30063 14706 17324 3342 6526 1667 27269 14236 24559 4006 8807 10342 13830 11015 22854 8203 22508 18488 24828 30861 25259 28718 24649 11861 19253 18498 22733 19244 24156 3120 9998 31554 18138 4378 31863 1833 1866 18565 28246 17625 30508 16473 25563 12973 21731 7396 8735 24419 11705 7126 17178 31006 27096 5957 16810 18278 21073 681 28049 10278 1305 26591 29814 5548 29957 29481 23522 9131 31700 25644 1091 571 17700 5871 8940 29910 21626 31458 19985 25691 3646 10195 29646 18958 10427 16376 23840 15253 15138 2795 10985 26619 13447 24744 21999 7599 23521 16016 14300 15236 22028 12904 31806 17074 8137 26202 12935 19154 3516 9201 14605 2021 20332 17696 20233 16716 29253 17978 3739 24784 23447 14841 25539 26266 18583 19579 8553 27706 20828 17983 26197 10148 26851 2347 14390 25133 23818 3464 27549 2705 21399 26626 14593 7406 19761 19628 
29930 14520 22380 8405 11137 10722 12676 6662 14022 27734 25655 21988 21036 29816 6572 8468 5626 27307 10717 28478 1318 4090 22707 3158 12097 11451 31814 7050 19557 9854 0 31371 11077 31467 15258 21795 12487 2243 20913 12726 25722 19195 25127 23628 12373 14038 21738 10466 14529 14987 21087 25705 26781 18757 18014 26310 28218 22562 23858 1745 14429 24119 2459 5976 29506 21640 30158 29467 6037 13842 7794 31183 21112 31939 12707 2589 8322 11645 10736 31650 13756 17177 16222 14830 4004 17248 28005 9096 26156 13073 29423 7910 15802 6368 20318 5239 21031 31346 17029 27546 10433 26724 20395 5798 1099 27716 15757 31458 26617 6036 4955 4492 9079 29900 6328 17364 15073 8022 22716 3040 31690 9617 9459 22983 30519 8400 2397 11160 31651 10586 21870 30034 7675 22890 8717 14571 11680 20526 16279 28235 17258 11210 18395 6992 14497 3156 5404 15306 9988 5079 16148 22142 26820 26194 9966 28965 8583 12216 26697 5739 11367 5359 26682 18930 11762 16339 18760 7502 2858 24370 28271 6921 26244 9167 1055 21151 12011 14945 27452 22656 2748 22419 22301 16402 25545 12804 12943 7854 27992 31814 11218 2977 6179 29665 13464 8234 4695 21071 523 30592 
17184 27524 2995 29165 9796 10492 16842 14753 18230 4730 24334 13583 30457 28333 19172 14218 17560 6089 28120 12648 30390 26740 11356 8078 24499 9667 9869 17874 4859 10470 31371 0 27942 2806 31772 10000 16969 17670 21792 28905 15656 28948 1133 23198 19951 11212 30995 24702 12305 5537 31078 3742 25667 23498 3581 29143 15485 15169 1202 12227 19709 29123 31141 26820 30788 20435 23098 21245 27672 10680 21270 10328 7809 23931 24359 11391 19149 22763 17563 12260 141 4250 4580 3258 3734 31966 7611 9210 5377 11985 3355 25441 31021 12882 19010 17773 29113 9731 4276 18532 30603 12106 23353 30541 20941 81 30939 27125 4075 20230 233 16109 2454 25629 18936 7815 25029 3850 1245 15069 3248 8968 7861 21195 15061 1557 21982 12017 28916 8693 13308 7859 31763 27947 2038 31545 29051 27396 26872 12400 12729 9614 17007 10248 25247 11673 16144 23413 31553 9149 22483 20719 15098 12116 20721 5491 9829 1149 14058 15552 4197 23320 24194 27227 5151 205 27328 19341 6139 15878 18158 5217 19112 28913 9885 679 10518 384 2207 24052 29306 21865 13324 160 14926 27431 15934 16328 21327 17656 1238 2378 24957 27614 10933 18637 20768 30879 9220 31927 
5714 24672 3176 27943 5489 28166 4205 9240 20461 24040 1616 7323 22236 30820 18485 5880 30780 7944 6103 11788 12632 16857 31392 14215 2406 26491 30359 13877 31067 669 11077 27942 0 24819 7135 3422 13271 17822 7701 28957 23002 4545 1533 13086 17435 29860 18628 30929 16815 23136 21480 10106 5888 22246 1086 18741 29901 13560 8943 9452 2601 27949 29046 11362 26232 12785 9891 2092 7541 23939 24476 3763 9774 1781 14294 18995 28677 27184 13344 30910 24497 1517 20120 3129 17979 30652 29619 7773 26369 8961 1338 1464 31414 3313 19271 17321 11360 29081 3916 4967 4953 18136 268 22523 15438 10848 17823 12609 10562 28088 30578 26347 18572 7228 9028 31357 212 26139 16170 7761 8730 15192 15500 12180 29871 13258 31014 17736 13881 7707 19207 10048 3507 30412 29077 19238 5995 29744 10119 23928 25090 30572 4329 15238 29039 6269 18204 28790 14588 6706 22738 16704 6983 30253 17430 7602 27970 23782 30274 10605 31795 10664 21767 15333 1204 26769 12904 23909 11444 24470 21183 18952 6260 637 28598 27585 21899 28641 13647 25428 27106 2353 15324 602 19128 20144 5127 17729 23711 886 15052 25929 31101 3950 9594 18824 28044 5206 13749 2534 
7705 31836 8959 18358 3503 125 6366 8562 23089 484 6275 28510 22072 13698 22317 14916 10790 21325 19615 8068 8089 28591 19263 16247 9386 30695 15843 1287 16509 18 31467 2806 24819 0 27919 22290 19740 2903 19848 29760 30632 20952 19388 14477 4314 30238 12518 28045 6014 25615 31721 24571 19464 441 27975 20660 10893 10569 30762 31417 25033 14356 20063 6448 25114 657 22356 21858 20866 20828 14624 24253 4520 28724 20347 22738 14806 8700 13504 24919 8954 7612 14577 4901 22696 6816 26545 31290 10262 18166 2890 11191 4381 20019 7592 10210 20286 21229 23131 28451 23705 29153 14488 521 26870 17646 25144 19525 24510 23063 17077 17069 25858 16259 30771 19257 22642 30591 25203 18696 21093 1913 5856 6491 9943 24582 24710 4247 24420 31452 20244 70 18257 17879 9440 12565 23683 9718 23778 26838 23428 31326 13239 26494 14724 9557 6302 25638 9300 29767 13949 4877 1388 15811 29660 7316 31717 18045 29415 10559 27518 21325 3695 22714 26522 9005 21480 18384 16959 26941 6251 2675 1559 23490 23988 11194 29553 9505 27172 14045 4672 26343 14783 11834 5145 17859 302 3666 27704 22409 11708 19147 19579 12848 27484 22383 6500 24531 8608 7978 
15332 24817 6039 14322 20584 2027 9301 29039 27916 23996 28678 4424 23554 2856 1786 1362 23952 12990 29134 21327 19132 5746 25668 6108 9305 22549 8349 9685 6277 7923 15258 31772 7135 27919 0 4207 2407 8203 618 20270 7811 28364 17959 11973 23564 20115 29662 25341 3818 1732 18130 2902 7225 15995 6265 7685 4938 2179 25469 31215 8609 20062 19645 25521 6391 25923 5194 31130 26935 537 7021 17068 11394 13182 26526 8865 5420 29636 9612 24546 31167 8176 6681 10639 23285 27579 12637 2171 20928 31123 30880 26671 7747 18585 9314 8164 7896 14242 341 23179 22026 2872 863 12743 27291 25752 16282 6384 9341 20659 28501 26127 26329 13871 27923 22502 16909 24165 13449 2535 24232 30818 24481 29753 3950 5609 12923 185 16216 8813 3177 26356 1683 29209 28144 21295 5502 16073 1228 18530 17326 7184 4330 12086 3307 818 31853 20492 2098 19753 22700 22775 28850 15266 20272 22463 11217 27135 12472 15582 13351 23636 27702 22660 11904 29548 6865 24724 24027 30147 27363 27303 11375 3211 15098 28422 8099 15017 473 18609 24851 28343 22390 12893 16783 30466 252 18799 11549 1162 21960 4356 13300 8711 23917 26091 2689 17889 15025 5030 
