150 45
0 3535 4157 5542 6371 30143 25492 16327 26376 14272 1090 10273 20173 29958 26426 10282 1737 26802 25432 30730 6659 18280 1306 26775 15949 59 1327 21671 9855 14309 19666 28079 23676 8013 30198 19382 13570 29280 21320 14996 12368 25661 753 23682 31390 12456 2364 4861 28253 3032 30976 7922 4686 21132 9177 9539 10341 3189 14137 24982 20608 6636 4417 13428 8424 20223 28785 25276 18089 16325 21024 15456 17075 21257 12750 26747 5842 11588 28219 7083 1647 20448 13144 28870 24361 5846 21504 14298 20276 24980 20360 22652 11923 10550 16663 11625 25879 13070 26072 630 22585 13183 11762 28115 20153 7969 17237 30873 28184 19260 13146 29355 15577 23954 2090 10982 8341 30326 29442 23459 29411 12338 4151 30087 8457 21957 1560 7074 13697 31462 24218 26851 5713 17761 20689 7379 9258 701 2371 23468 31074 3378 2301 28083 11698 30458 3973 7663 3283 478 
3535 0 15057 31858 30431 16360 11859 19517 30592 14503 3070 5212 21213 24323 3382 31275 26489 18636 19763 3393 4674 3639 25517 13169 11142 26481 8351 14684 19446 16816 28433 7060 8385 6374 30458 19023 27064 22518 17705 23464 13957 7808 12109 6003 9969 21566 24314 27552 29502 19433 1740 24876 5510 10937 10646 21154 571 19052 12191 10548 11942 1764 496 28755 10623 23629 22708 25581 22424 5338 17062 19496 27021 11279 12944 22196 27023 19103 20952 21173 31035 3278 28958 20268 14714 12662 8176 10241 19841 18055 25217 29329 7375 9773 12154 25809 8522 25198 26590 2565 29792 10350 9711 27644 66 27447 2356 14823 15656 8465 19076 10168 19369 14703 28199 24602 1567 10345 5888 20460 19232 14021 210 20058 1028 20372 13190 16254 10362 11612 20884 5006 6449 27087 3432 11941 31373 2843 17126 16914 23149 21185 20469 570 22786 10239 30243 16907 7350 13518 
4157 15057 0 28537 18927 3432 25328 9798 5222 4947 1307 26419 9323 24311 10833 25127 19776 25661 9306 15417 9411 22054 1815 18365 14655 17286 27449 17439 8839 13702 1615 7313 17520 22006 24344 12676 27785 9078 2607 13050 11567 7782 26629 29599 30958 4785 28197 21940 9520 22361 976 10960 1599 10209 14819 11624 31636 27267 24085 31792 15480 9517 13942 9027 19702 19808 4690 5411 26904 19657 10064 20355 7037 27071 13554 29414 6706 20356 26714 25095 491 3928 5474 27676 16251 12127 8454 2014 22445 19029 21276 358 25437 10259 22876 19162 24812 24805 5818 17899 18691 6826 14604 3869 27037 11470 9989 23019 4973 28682 7291 24748 30093 1019 8709 16723 27773 3462 17625 29691 26487 9228 6930 20293 15115 9583 1323 31873 10258 7654 17635 5294 13550 14242 23133 7749 18973 13634 7838 15573 6164 27418 10834 19056 15733 20290 4584 1256 18572 31872 
5542 31858 28537 0 10441 12856 17543 620 21431 14989 18125 22025 10997 25685 8648 1087 27687 13934 8923 22595 11462 19341 1205 23238 30262 21195 11761 25669 30570 9529 26426 30568 29969 2182 28176 14699 15711 7864 28679 2980 29276 31213 29865 22540 20935 23865 11486 2784 18310 5511 8680 5455 943 2960 23529 16695 24852 31204 26629 5111 21097 20480 16644 21834 4340 9330 9876 22584 19411 27665 23823 19730 17868 21829 22743 20355 16559 13659 17216 6316 26187 13549 29707 20310 5869 7513 22128 5933 3703 18246 9400 9743 3326 16186 7019 9326 20480 580 4613 7355 1572 26541 29509 7650 4237 18117 12291 1250 19902 7348 30370 26464 14348 31331 1537 14941 26272 7282 11533 31731 3847 1601 27608 13347 19290 28928 22084 27825 29421 21213 25918 792 14224 30773 16266 27523 13414 27359 22040 23007 28995 25213 31478 22008 17826 28136 21700 9129 6182 16548 
6371 30431 18927 10441 0 16959 10454 6593 14374 23233 18107 12947 9834 22898 498 13684 7716 26456 22733 11316 22893 7504 4154 29855 16128 16047 30152 5127 22893 21813 25980 13087 28175 31561 8564 4129 3291 396 20315 3396 8702 17082 945 9100 10823 27352 13277 4827 20837 23224 23058 21853 11507 26312 769 27456 27988 25136 25442 23228 12642 26439 6471 1391 15847 28495 15422 15101 24810 12426 11847 10771 18383 15511 19100 30376 23872 30500 14143 15767 15849 18925 11363 14988 8970 6416 20383 22581 24780 4009 5876 29905 28530 11462 9376 29445 27989 6565 17088 5126 14257 16456 21708 4623 574 14929 22228 5680 31137 29749 25751 24412 31911 11965 19305 17628 15440 11222 7654 27137 31660 17072 21111 22063 24713 10288 29351 15157 11759 177 17220 5108 7788 15891 30554 860 16431 19740 31984 31918 22777 30505 14757 16667 20178 8751 22540 679 7072 16137 
30143 16360 3432 12856 16959 0 3558 25739 9604 31191 16116 17196 20601 12488 21493 29091 11740 27921 15531 14786 696 7292 19251 5159 8606 8441 5922 8155 133 9812 30116 30358 25527 17016 14778 28546 20689 3392 28281 15258 1233 4570 27494 30356 10549 15032 26843 10587 13863 6680 21372 5143 26303 5390 15807 1228 26959 1581 31618 31617 10947 14777 28083 20220 19471 24165 25348 5645 19885 21163 13489 6760 19755 23979 31580 10252 30925 22175 748 16198 11574 11227 15241 13618 10283 21092 3488 14045 96 10768 7163 15080 10581 12855 22246 21963 13895 16119 10086 31129 12845 2055 14464 7774 10952 7451 654 17416 24511 20945 24489 31456 8655 1594 27419 14744 17419 19431 25576 7140 21798 6032 20837 7076 25814 11076 17886 9118 579 4907 19274 3529 20351 27099 30485 1834 24605 9016 10998 24377 6088 6376 27348 17890 16887 9812 187 23051 24490 5438 
25492 11859 25328 17543 10454 3558 0 5593 5361 27523 17815 28639 6633 21173 10627 30454 6782 20879 15937 25927 2745 16701 20422 11497 2768 8908 21980 6962 14729 26783 3042 3295 20443 21442 17887 8456 31976 16641 9949 31202 5960 5593 31134 2904 31905 9777 31132 21354 26507 11753 16728 20582 21967 17975 5114 18667 24300 27598 27205 15547 17646 3299 20947 20838 18588 4082 30635 19638 20457 95 8217 4347 19650 9442 16617 8474 27943 12993 3039 14454 6799 31197 6283 23456 11683 10899 30059 31200 2375 2145 30296 5766 23283 17003 16457 27408 17753 18368 10850 14367 12384 6778 25941 26683 31337 13227 27669 28005 28655 29976 12753 1409 30564 7365 8010 3205 7798 12629 23664 26753 21901 6707 24661 28274 5546 7054 15978 18662 8845 28457 17939 29300 15663 25846 27528 15867 1928 31104 29697 20154 11945 3883 26681 13876 28710 4414 21314 485 22219 16323 
16327 19517 9798 620 6593 25739 5593 0 1374 30147 6388 2697 4235 15797 14141 30057 22317 2570 24368 2960 31105 14087 18268 9908 654 14996 3147 18210 29157 5031 6972 29043 22503 27079 2944 18516 7839 25236 20051 16732 25138 877 23636 4850 12753 18714 13958 14150 6988 30857 22754 11092 15656 30882 7803 16381 13641 25889 29486 10028 28463 18566 5352 6413 27839 31252 2676 11348 25245 11998 13027 21141 19481 6630 8825 31652 24229 20813 25907 25366 27622 20112 16089 444 9799 4055 13728 9796 18473 26196 8282 18135 14493 175 2879 25044 31403 27784 2873 6040 9008 1027 30409 23632 4935 14185 4986 28385 16195 17875 2021 21984 18749 27115 25405 6297 1064 19387 30074 6434 23682 2696 2566 7813 16778 29637 3586 31220 19726 29454 12565 25874 30659 2106 22228 28487 10031 30325 31151 12328 6183 13682 30329 2287 18901 20649 15732 7931 16983 10658 
26376 30592 5222 21431 14374 9604 5361 1374 0 3370 10756 30644 1685 6433 26291 31673 18074 31338 28127 681 203 18758 1326 15738 18419 24489 7472 22947 25740 17769 29474 3759 15674 17587 10387 279 22025 22996 22220 30587 24709 25428 20750 22042 17568 7001 18334 18603 14176 20838 2720 22133 23660 1375 17863 11719 28506 8676 22736 12980 28374 10742 8140 25380 21912 3830 19520 31542 22565 22757 21776 24560 12390 9221 22074 21311 25868 18106 2663 29766 11715 25800 15682 2307 16698 12505 23977 31036 19444 30551 31909 17086 22255 2705 26172 29937 16916 18488 14601 12730 16516 8484 2986 17572 25251 12655 5885 10855 10242 18653 27436 16569 3348 10130 12170 21610 12975 1055 21822 27094 1891 24021 30146 21671 27037 8563 7725 4838 29343 29467 8785 28248 9533 29083 4006 31027 13947 5638 3338 13083 26347 27549 20809 2419 21731 9735 9340 8446 22147 19930 
14272 14503 4947 14989 23233 31191 27523 30147 3370 0 1609 25715 5262 18891 2703 8082 1664 3691 22956 17645 9832 29017 31001 30565 9808 669 12057 5173 21004 1645 23994 14526 27263 13703 7393 20973 7923 16923 21614 28715 10877 19271 10851 6372 11640 16158 28202 27539 6405 8006 21725 21355 19112 11810 14505 29061 22507 2699 6714 6564 29204 9498 15676 5000 750 12294 29925 25296 22686 25995 5273 26732 9608 17894 30869 25504 28233 11231 25262 27288 22459 22756 18465 17799 28428 26293 28015 11357 15589 6297 9038 29447 25761 5423 6310 9282 2191 6086 28319 26369 12625 30021 27329 31065 2362 7850 17444 27145 5323 26641 10665 20361 13107 27473 26958 25009 14061 8996 18313 485 10336 994 26810 5853 12954 31951 677 28404 14867 26610 4356 30223 6022 17533 22564 20745 30422 30671 30358 27324 29191 28920 9192 27790 13631 9687 4984 5015 24292 450 
1090 3070 1307 18125 18107 16116 17815 6388 10756 1609 0 29100 22430 20064 16853 3374 7543 14741 21313 12117 8806 25820 13584 9208 19995 20368 2326 29354 1731 29438 1448 18907 18792 3882 8427 20672 11428 24162 615 8724 673 167 13554 13215 23656 13019 13287 23193 22912 18890 10673 19407 9700 2815 1697 9128 21311 6500 21784 30953 381 30139 26109 1626 12205 224 11915 12841 48 27360 30819 22063 6460 26074 27128 25337 28583 8630 14152 8100 19472 28840 12515 25993 3398 31880 6467 31675 17169 26096 14200 23637 5437 824 16154 5010 22012 6196 29337 8382 1175 10956 7632 26608 26991 18274 16113 9622 12619 23553 7354 23251 5628 6248 31744 26029 31306 19672 17801 6 17976 26814 18480 19561 28305 26150 27489 2217 28619 19453 5600 5453 28216 13608 20963 13513 12674 24423 23415 14224 23170 18446 20799 13803 29787 16768 17268 21673 14830 8846 
10273 5212 26419 22025 12947 17196 28639 2697 30644 25715 29100 0 21030 20708 5013 24058 4164 2036 30337 11993 24662 24253 24985 17448 7212 1003 29064 21277 732 23865 14942 28548 928 25410 2807 602 22863 28267 10235 21119 7514 20183 27746 24181 10338 31088 20373 12331 31832 28155 19219 28638 2095 12865 15021 10758 15396 65 5716 6999 14729 7038 5999 18381 14380 20558 18888 10699 28489 5957 1285 587 25612 22185 15540 23579 5283 26875 23012 16170 4577 11404 23632 27883 2673 17954 29469 27329 11415 6578 284 6267 31878 20259 29102 29670 4926 7977 9768 7788 11775 9765 2513 22206 20561 31778 17515 21912 10895 27351 16461 9355 28431 16063 4111 12510 9425 20801 17859 2941 15302 14821 15298 15861 13211 6809 11780 24196 2596 7947 19977 14649 7752 8973 15449 9757 392 31242 24202 3963 8206 27795 12251 5667 25425 18414 25184 25300 13385 10689 
20173 21213 9323 10997 9834 20601 6633 4235 1685 5262 22430 21030 0 3728 17579 18654 29248 14905 2635 25234 14960 26904 3648 20332 31052 31521 13217 778 15170 8204 15242 14471 919 31377 18732 12686 668 11744 29621 8384 18368 31605 24580 28533 362 26170 22827 20413 12198 26867 31944 31930 1442 6660 27683 25931 10490 31357 31786 514 7380 12925 31793 31342 6606 24800 30853 11956 31928 27204 3541 20084 17189 26453 13669 29957 29120 28271 14095 26622 12162 9102 541 10251 15270 1427 7402 18457 4732 5068 9559 6602 30975 12508 18191 2116 13385 20199 18591 20805 7113 25879 5973 1163 23890 11878 23289 12687 14841 10437 9039 2188 15296 27017 31084 6105 3600 13611 10461 28816 17932 20059 23191 2949 19112 11359 28094 23700 11413 22980 12603 25140 5377 14173 12573 18528 14629 27286 6097 28628 22681 13075 1314 16017 15756 26016 30229 9397 17589 21618 
29958 24323 24311 25685 22898 12488 21173 15797 6433 18891 20064 20708 3728 0 22865 13709 25814 22032 24889 30201 47 16684 19385 15855 4773 28154 17665 1650 17544 25511 5537 19883 1685 6673 16363 5738 24362 16980 22125 12847 639 1745 26486 6850 23545 4827 7854 4959 132 9183 445 17524 1542 27442 25340 15587 15067 26456 31557 20456 26210 5873 7103 27255 14752 6690 4044 18498 24811 17823 13567 3642 20904 4666 11038 20658 10013 27653 11067 3586 13644 2823 4572 28102 17891 379 1840 7079 29499 25254 21589 20149 13926 15672 26032 29269 3404 27710 25937 4278 23005 29862 3694 10463 26699 11599 6371 2121 3421 21933 24783 26121 29131 9982 10551 3467 8875 11527 31164 16861 4852 9579 19044 16263 30472 12940 10606 30457 14422 765 11323 20611 30725 21127 30786 15839 26806 27573 31768 18768 9551 29697 17286 1094 17375 13691 31664 21150 6276 16916 
26426 3382 10833 8648 498 21493 10627 14141 26291 2703 16853 5013 17579 22865 0 26332 14658 15699 20394 48 30006 20536 24848 2480 8796 12146 15236 6573 5348 2928 28152 1886 28858 31550 11973 14398 25711 31760 18170 327 7795 23197 26625 29939 6813 16205 12939 25360 14592 14649 1746 12393 5402 20720 10027 22324 8262 9754 8420 27739 5258 3041 28535 8337 7851 14638 264 18738 23192 185 23094 2300 6434 31712 15423 22931 23046 26453 21867 18897 13121 21664 26577 6640 21694 3426 8548 30590 31050 25465 14935 18971 3040 9964 28362 25623 3392 30369 12237 25808 24021 20210 6065 2023 15348 27909 14756 31817 604 25590 11944 25597 16151 7899 25295 10447 5788 28809 15819 31934 21066 16437 31187 25926 23601 5854 25040 12402 25387 21899 14300 3265 23106 27992 30487 8153 14442 4944 25029 10254 394 31772 16574 8119 5588 16512 304 27468 20590 5027 
10282 31275 25127 1087 13684 29091 30454 30057 31673 8082 3374 24058 18654 13709 26332 0 16409 10699 13181 6492 9112 326 11389 26009 3921 7225 8315 20649 17245 707 20741 6510 1876 3422 10362 7808 14554 11418 8354 5942 25530 20209 9933 26553 10127 28831 22918 12591 2300 21910 14295 27373 14205 25722 10776 19649 13756 14256 1368 14662 24189 17276 25929 27213 25625 14384 1733 16722 10632 31083 24033 12289 1790 20838 20623 23760 31247 13140 8401 26787 18291 15568 23931 21891 24902 21850 16004 7524 25323 29929 20203 27133 21619 6022 7465 2223 25239 18684 14642 23414 580 30871 13067 11513 26547 22001 27110 28566 4120 24019 22748 22930 29911 7455 14121 327 27732 1493 4102 12915 14153 27 14849 30343 6066 5728 16379 12818 18249 20104 9122 26166 22927 11564 4487 14893 31333 21480 31424 1251 9275 24248 8988 6299 10694 21353 28898 12964 17229 17432 
1737 26489 19776 27687 7716 11740 6782 22317 18074 1664 7543 4164 29248 25814 14658 16409 0 29567 23775 17432 8694 26720 30802 30607 346 17275 10669 11473 7094 24350 16340 30079 30968 11753 27360 31069 27730 28292 28665 26996 10694 18092 27397 21633 28534 903 7716 15286 17098 14416 15611 28109 5219 10573 21714 13410 2532 25881 10113 12971 17281 17722 5162 10356 12133 6671 4296 26226 21994 12802 8844 7648 17816 10005 24836 23412 28416 26296 1824 29339 8280 6131 29687 3597 27385 10717 25448 4013 15004 20328 30086 19382 17522 10612 27345 30785 10247 14907 20551 26898 31226 12556 15423 5304 29052 27212 4882 23807 680 19158 19871 13746 3240 19615 22160 27304 7848 27057 23161 22822 11417 17522 12745 20113 22474 4924 18046 17772 16967 23367 4281 24491 24083 31459 1559 12368 22057 26620 9693 16225 27984 17397 1014 26914 29634 13777 21185 30635 15264 3500 
26802 18636 25661 13934 26456 27921 20879 2570 31338 3691 14741 2036 14905 22032 15699 10699 29567 0 9778 1028 10238 27849 6435 30934 23088 15986 13513 17658 6050 2740 13144 3255 7577 19961 22364 12759 22800 14508 7167 28746 595 19814 30578 23894 20647 1445 26704 19548 507 16664 808 10282 20659 15995 15361 10460 19581 22783 26113 30799 10808 18760 16150 16934 21994 15603 11959 5977 11974 24500 13489 21080 21829 19710 30216 24002 15944 24128 31203 21665 21074 28846 1164 6720 19408 2716 6524 20111 11625 23911 15485 15632 25964 21490 16088 6496 9283 22959 16271 13893 16118 11833 21938 9555 23754 3201 25018 12317 13280 17286 1525 18680 28654 15007 15628 23373 21767 19544 13705 1917 27502 7899 12411 15187 28801 20459 8739 19971 23724 8558 28082 25539 6513 28039 22296 20201 22653 10819 1763 19870 9938 10449 17451 14624 1528 25677 24981 5271 19017 10010 
25432 19763 9306 8923 22733 15531 15937 24368 28127 22956 21313 30337 2635 24889 20394 13181 23775 9778 0 4108 21033 27027 30472 16110 31057 11825 14382 6006 6781 3798 16728 19137 30021 10257 15242 25736 6002 7562 14469 17742 18669 30934 18082 11612 1 10267 19193 21131 25321 23942 8666 230 18612 10641 1430 11792 19827 27153 16790 14468 22201 28195 12741 3491 19567 217 30280 25484 7665 1221 3718 3278 3455 10567 4994 10719 18431 4790 25985 5484 17933 3414 2822 11894 26460 20758 18197 17721 26979 19755 9683 1010 6242 27760 8040 22882 18097 30365 9530 2352 8799 27211 26230 5140 12325 25801 26345 22485 11684 5310 20517 7953 10232 10402 6143 12254 24982 23036 25681 55 1919 28287 18968 20788 5309 18149 13531 29466 9016 29356 12898 29495 25811 23190 30912 25485 30686 23294 16041 10065 30167 31483 17695 16693 21624 9561 18535 14469 2586 23131 
30730 3393 15417 22595 11316 14786 25927 2960 681 17645 12117 11993 25234 30201 48 6492 17432 1028 4108 0 22962 5198 13200 31945 22019 30329 20425 20372 19251 27775 24161 7318 5553 10403 15877 29264 18858 14325 27115 25217 704 3956 23051 10770 30797 11085 14056 6169 11568 27930 1265 6371 18742 6202 12133 25108 5895 26171 1998 20953 15020 27726 5649 25375 29091 31436 26883 24810 10618 17616 18068 12716 30219 7385 13709 19641 5175 25734 2006 25284 7998 10584 14422 8554 24990 19851 17238 7638 28805 507 21124 30059 13016 15643 24694 4743 20671 1532 16073 76 6862 14692 460 3971 15283 8947 21685 1929 28795 6488 17778 1100 5987 22942 22529 349 7738 2426 9049 2314 29782 18616 15333 3473 21268 5806 7826 26203 25325 11973 26980 845 25621 13836 6822 9764 10930 29923 4510 29414 1688 19630 7903 2400 6565 16285 25118 15537 5017 14209 
6659 4674 9411 11462 22893 696 2745 31105 203 9832 8806 24662 14960 47 30006 9112 8694 10238 21033 22962 0 16623 1547 22171 27517 18797 25358 2856 29060 14744 19377 29863 31378 14362 7011 28162 31210 9766 30028 5346 1306 12609 368 25950 7251 13384 1962 11758 6271 22747 18534 8123 46 2821 15424 20271 29525 8517 23393 27619 11737 26836 440 16085 26603 26191 15612 28404 29749 23714 18818 8435 15319 10572 28640 15477 20787 23276 2146 8583 5769 8995 26704 868 20838 28870 1792 7825 26332 31325 26815 13637 1170 27379 22910 19488 21665 27960 28765 13877 22333 31216 18429 24930 6709 27827 9126 30712 4157 24323 11064 15541 28684 20387 11252 12297 7754 4176 23310 2739 1094 29629 11280 27816 5516 23782 7441 27978 17722 28076 8124 21489 3119 9677 31517 12740 26632 10781 17483 14562 1517 27932 17373 24539 16172 5329 1836 19317 22948 6145 
18280 3639 22054 19341 7504 7292 16701 14087 18758 29017 25820 24253 26904 16684 20536 326 26720 27849 27027 5198 16623 0 6690 11025 31949 25946 18747 30249 12126 17330 6097 15732 11343 9863 85 1124 8592 13943 13863 19212 8951 11634 5453 5477 19649 9228 10806 15661 4128 19807 30870 21330 6105 7809 24648 19432 27636 19586 8263 7864 13176 19969 4019 19032 3643 10830 31465 19415 12483 15645 12455 27126 7725 26055 6213 31476 54 6431 6396 2534 12863 20434 4154 22695 30323 31579 29193 28235 19442 17796 8838 24879 26130 15994 21098 9361 25258 625 13724 12988 4723 12241 13273 11201 27510 24062 24174 19140 15754 26537 1785 21202 24803 9905 27459 22609 15281 4759 13606 30966 19150 20607 26754 31825 27771 10438 12616 22250 17970 21278 11144 6375 20095 18762 29600 16970 4086 25685 21615 3001 31531 30575 4251 31196 1730 18250 25065 1602 15762 26379 
1306 25517 1815 1205 4154 19251 20422 18268 1326 31001 13584 24985 3648 19385 24848 11389 30802 6435 30472 13200 1547 6690 0 4117 4355 23096 24958 6559 13376 6561 14794 3510 3391 23768 8643 31285 5915 23767 21827 3872 16906 15938 12015 30745 5070 12805 531 680 2180 6844 19674 31561 19385 13302 14022 26196 13524 19004 15751 30131 31438 29168 17945 15460 20281 20217 25909 18639 7836 22592 30481 24296 12824 13563 31342 11048 5219 4045 14337 31308 12558 31405 10776 5102 20256 26280 14755 27881 17918 1386 14465 8328 31650 18331 9506 12180 14372 28429 14198 33 10133 3512 14895 15155 16419 4741 9294 21304 24470 29420 31754 30534 13589 19808 4603 9012 27456 1932 23451 8827 12441 2399 20506 13807 25917 31207 21882 11326 14570 2562 6916 2121 26712 9685 9476 12104 26598 25628 13277 10169 14730 22087 25191 20014 6179 26210 6563 9944 26891 19415 
26775 13169 18365 23238 29855 5159 11497 9908 15738 30565 9208 17448 20332 15855 2480 26009 30607 30934 16110 31945 22171 11025 4117 0 17317 26630 22683 23223 8165 14248 7355 26220 14935 16547 4204 13711 14022 90 29654 1952 30019 27091 5855 10631 17277 1476 15251 29928 23469 947 5136 29581 27155 11043 30224 9948 25340 21204 9205 31066 19041 2834 19310 27719 24844 25360 8874 18497 16473 30299 15899 4856 20348 31317 28613 8189 13148 4294 38 20879 5375 11384 16547 31367 22917 15081 12430 27214 18607 22277 22457 8160 1790 14329 12437 9192 1880 15117 23782 5603 25929 9112 24073 20054 10186 29432 7617 15639 21657 31911 26012 22944 5674 3156 20710 21115 7451 14614 1581 20914 3649 30630 27470 29786 15942 14514 20766 26920 26574 12600 23960 12312 15922 24310 2208 1827 26064 10218 23897 261 26336 6109 19204 16404 28896 23044 12659 24105 6286 21423 
15949 11142 14655 30262 16128 8606 2768 654 18419 9808 19995 7212 31052 4773 8796 3921 346 23088 31057 22019 27517 31949 4355 17317 0 10998 16253 10017 31528 20373 23386 5018 16174 7008 5963 4376 13245 14280 1161 16933 17763 13819 800 30685 3548 11819 8155 8102 5032 13351 767 27435 9072 4676 23260 26032 8758 17556 26148 9647 27233 19569 26650 23759 15498 14418 15506 14876 8230 246 25782 29853 25590 9949 11689 17204 9041 9486 17391 30413 15154 6195 27823 1248 27426 15101 13497 11072 26090 11233 9318 4156 27927 27934 3398 30992 81 17172 19863 29605 31867 15857 11674 8866 28589 10150 11431 25804 15350 9775 28188 20919 26861 12337 10272 23495 31260 17625 2083 22909 15921 27935 14920 17949 11266 2374 27784 20122 20577 21177 22192 10969 15813 20020 18994 13377 31417 22328 21182 20891 4132 5593 22702 9026 30811 9683 19269 28580 20232 7154 
59 26481 17286 21195 16047 8441 8908 14996 24489 669 20368 1003 31521 28154 12146 7225 17275 15986 11825 30329 18797 25946 23096 26630 10998 0 10823 24928 9073 21640 28926 16081 6843 7575 3032 449 26928 6777 22340 12043 12749 4205 31260 14665 11720 31644 17478 6470 8315 21262 18019 22529 23124 5173 7305 3393 29922 21003 19226 9652 10724 11450 23193 14501 20855 5844 2207 10299 8007 7717 8918 13137 25306 4356 7692 29393 6369 2373 14667 16302 30373 25264 23819 28513 21112 8973 7027 6653 61 11453 20132 7892 29442 230 30997 14503 5280 17963 13579 24423 4473 22010 19980 7820 1848 5988 6517 17653 13226 19337 21783 6231 24487 20881 20708 19784 26627 14392 8623 3018 28826 18151 3321 13678 17508 28511 7121 15117 21402 9461 20930 14851 26608 4187 4305 5124 29656 16634 5516 25474 4572 15069 13609 27289 7937 25644 12467 20376 5952 27961 
1327 8351 27449 11761 30152 5922 21980 3147 7472 12057 2326 29064 13217 17665 15236 8315 10669 13513 14382 20425 25358 18747 24958 22683 16253 10823 0 2032 28609 6164 3843 10863 8974 28957 16291 20890 31857 6482 7224 23227 7928 17606 9259 19948 9826 1308 9388 2890 13476 16490 11293 30474 9396 23791 19659 18511 4016 21400 10486 13019 6982 22864 15397 17031 4476 4908 31960 11412 14525 17241 15991 9669 316 6370 19872 18765 25503 25415 28861 1930 11526 29920 7406 3472 24920 27663 27458 19595 6628 6474 30781 31207 31314 24042 25266 6732 8676 11731 11244 2925 10755 28390 21798 11684 9254 4169 21075 863 14843 30327 12600 21081 10477 11048 5587 26539 30708 21254 31250 17830 2993 26411 17120 26752 23013 20352 31353 7122 7980 5080 1048 15584 7953 4586 24551 10427 23148 16659 29776 4396 31252 30700 26513 27499 736 15533 24741 27830 18167 5219 
21671 14684 17439 25669 5127 8155 6962 18210 22947 5173 29354 21277 778 1650 6573 20649 11473 17658 6006 20372 2856 30249 6559 23223 10017 24928 2032 0 6167 4605 7965 12620 7614 18724 22844 7239 14386 10503 14541 6323 3645 24590 2949 7542 28404 193 5846 7406 12095 14136 30456 1322 17127 21929 27014 25662 27450 24822 28326 17824 13118 22872 27334 6291 20851 10009 8676 22701 2597 11090 6251 23900 22095 969 26781 16013 7439 25554 31369 28500 9637 12877 7070 2224 7176 10146 446 7510 24584 14816 17131 24207 20995 7649 11395 19754 28705 27775 29705 5240 29741 1756 28288 5464 18421 30649 4692 7005 25915 15065 27352 12277 10811 26239 3147 7594 31673 15081 14969 5236 29609 11252 13281 31504 20828 12215 13681 28790 27207 10303 463 23636 850 29782 16182 16797 30652 13911 21215 11301 30863 10007 3324 18517 31648 12503 17218 10213 15651 8018 
9855 19446 8839 30570 22893 133 14729 29157 25740 21004 1731 732 15170 17544 5348 17245 7094 6050 6781 19251 29060 12126 13376 8165 31528 9073 28609 6167 0 28340 27478 29158 13092 4506 16373 26505 13053 26976 9324 6719 2191 10563 29856 22713 6639 8862 4919 19594 22615 21564 10698 26966 15228 11769 8429 17250 15291 5296 30206 5995 26135 16000 14801 10187 28422 21079 29469 24565 18956 18390 13765 15933 19496 5762 5355 31472 23569 10305 15830 5051 9281 7726 4517 29542 18132 19641 14289 7131 11826 4885 21385 21633 19085 24827 11214 24799 28461 10682 24174 20634 11150 28823 11459 11708 9800 20093 12878 27466 5328 5118 16660 10544 9733 19622 13273 9080 905 3736 19232 3025 19437 29309 6916 4459 11443 1228 28374 15900 25366 16722 21145 6618 26791 6680 64 2948 3258 2961 27080 4601 7075 7708 23064 14980 8129 8658 29623 25486 4703 12458 
14309 16816 13702 9529 21813 9812 26783 5031 17769 1645 29438 23865 8204 25511 2928 707 24350 2740 3798 27775 14744 17330 6561 14248 20373 21640 6164 4605 28340 0 19684 13314 23632 7478 5237 30377 7508 7783 28881 30477 26983 31532 20558 25001 10048 22515 21328 282 9097 9000 4432 15165 2986 30297 26356 4565 29097 25320 3894 25034 5397 3148 13206 14320 10508 15587 22885 24929 29762 27738 21020 3693 31267 6551 24255 13327 19968 3396 852 31992 5712 6619 27757 2861 13308 12107 9658 5677 6591 23853 16052 6320 14482 16513 20302 16366 11056 19973 707 22651 29597 5911 19555 6833 30666 24355 24195 22956 4163 14253 10092 13008 17387 24030 1895 492 17101 10151 12496 21978 25591 13686 12093 20674 26734 10870 3255 21985 22055 13668 9982 15074 793 4333 12766 20428 15963 23975 21658 23418 14416 31118 31328 29862 28905 10265 18127 19589 28146 10460 
19666 28433 1615 26426 25980 30116 3042 6972 29474 23994 1448 14942 15242 5537 28152 20741 16340 13144 16728 24161 19377 6097 14794 7355 23386 28926 3843 7965 27478 19684 0 10904 24880 7248 30551 17170 24417 18853 4033 12146 12547 6983 26313 2828 23797 21652 30253 8948 4694 1266 19626 6789 8081 13435 24422 2993 21428 17787 10167 14376 5144 14781 29232 17743 12889 4517 6147 29694 9889 11552 20910 28443 29247 15709 2305 5627 26254 12891 15211 20119 6704 13896 21914 29842 13205 13223 13423 13579 1492 23893 30778 30787 22740 18253 12365 27410 7876 30796 11230 27691 17891 6968 14387 7983 152 5983 4136 28563 10716 21636 5371 15447 6645 29113 22894 24197 8310 1807 28728 25736 23714 26126 31431 14163 22795 2310 3404 20562 25747 19241 18207 817 17327 27258 21872 13421 7167 24963 6213 15293 12090 24043 8139 11587 24423 16075 30970 15508 30303 5341 
28079 7060 7313 30568 13087 30358 3295 29043 3759 14526 18907 28548 14471 19883 1886 6510 30079 3255 19137 7318 29863 15732 3510 26220 5018 16081 10863 12620 29158 13314 10904 0 9807 27660 28674 24938 23322 11644 16447 28756 2820 790 21382 27042 13746 12476 9606 14775 3551 4043 15788 11672 5263 20856 15701 15262 15040 2368 16783 27941 23741 14185 14701 30036 10483 10122 7913 26869 26204 20272 6232 9818 15230 29066 1384 23382 14833 23334 27576 18239 28792 18369 24055 2313 22962 29991 11671 9833 10832 24606 7441 16400 5086 7272 29110 24044 27171 23758 29715 28289 14854 12610 18145 27218 11787 19212 13706 8531 31069 3846 26683 10610 8811 11761 899 1583 7695 1227 6285 24382 30535 1605 9435 31809 19847 25405 22172 19599 11404 22350 20110 9479 25802 3439 15219 10235 18020 15008 26380 20770 12987 26795 11957 11170 11141 21998 20353 9764 15991 1344 
23676 8385 17520 29969 28175 25527 20443 22503 15674 27263 18792 928 919 1685 28858 1876 30968 7577 30021 5553 31378 11343 3391 14935 16174 6843 8974 7614 13092 23632 24880 9807 0 26572 13902 23954 5645 10107 6890 22547 14685 26121 25553 11183 2010 22063 1594 22305 10949 23197 27420 14077 10692 8916 6956 19695 20103 31050 12457 26704 9531 30182 3321 2304 28626 21959 26902 666 16147 13405 5319 245 27778 1235 4272 15092 17940 20163 23856 166 7601 17220 15368 30647 30092 63 28123 19246 14918 11288 6269 27523 25567 24744 3592 19194 19331 19843 16337 15446 25110 9877 10015 12250 3228 24323 12216 11672 27246 13163 15425 7187 19773 25193 9829 18989 2282 20335 18137 19308 26916 19952 4383 3716 14307 19158 8748 16447 9384 13131 28364 1702 23190 9427 28135 24970 4689 26291 17540 330 6583 12968 1456 11773 1121 12022 28961 12511 17917 19640 
8013 6374 22006 2182 31561 17016 21442 27079 17587 13703 3882 25410 31377 6673 31550 3422 11753 19961 10257 10403 14362 9863 23768 16547 7008 7575 28957 18724 4506 7478 7248 27660 26572 0 1369 23744 24128 31398 26475 16291 21624 17940 1302 25539 2300 18267 25675 21515 17113 7512 28944 20853 20322 21445 8048 1350 8559 12034 19573 2532 9885 17005 21823 28217 18858 3407 14873 7076 5588 25173 30638 3196 30810 22685 4934 4641 18936 333 11538 26020 21123 6080 26253 13042 8337 9024 20970 29082 26411 26960 3732 19746 9111 23942 4792 19429 17195 25847 8681 31880 7479 5938 24265 764 27899 20424 4814 30225 6571 18022 2059 23447 30857 27525 10255 19218 28423 19358 12247 10494 2307 17144 3530 12956 19977 11267 26311 31578 20395 26430 21573 21187 15081 23225 11137 1027 11172 17688 1725 3319 8489 2866 27020 15826 6595 24378 7732 14414 21862 25979 
30198 30458 24344 28176 8564 14778 17887 2944 10387 7393 8427 2807 18732 16363 11973 10362 27360 22364 15242 15877 7011 85 8643 4204 5963 3032 16291 22844 16373 5237 30551 28674 13902 1369 0 17330 26284 20959 4785 8288 12072 13352 28291 17181 22525 23378 14818 21215 27980 2774 19678 16610 21304 24450 14125 7420 9213 8304 5663 28338 21580 25030 16361 9515 10747 25936 15165 27367 24843 22753 28212 13393 15089 13447 11138 8981 13115 6035 27395 6228 6275 12394 28563 14746 22951 12075 4660 2477 11874 14115 24455 30506 27433 24850 5785 5875 16987 17729 15860 12391 10179 1122 13581 3441 6245 24137 25853 8807 7334 24431 21892 23474 5811 30022 29543 26446 21577 11102 13590 1556 29378 21847 28069 24279 118 24236 2581 30546 24172 1857 26602 3557 4697 11721 11800 2589 8948 14077 12343 1815 29587 24222 19214 19109 19995 10315 28524 22867 11589 17187 
19382 19023 12676 14699 4129 28546 8456 18516 279 20973 20672 602 12686 5738 14398 7808 31069 12759 25736 29264 28162 1124 31285 13711 4376 449 20890 7239 26505 30377 17170 24938 23954 23744 17330 0 22835 3416 31960 5419 7392 20353 29404 8727 29073 23022 28406 1207 21371 22417 12343 9279 443 13403 26293 20518 21674 11778 10591 1709 2242 5330 12396 22913 17676 10909 7250 7529 16423 13480 2644 4356 8409 11190 7578 21657 23598 6433 28124 31219 560 6907 24990 14418 21031 4680 25080 18279 26474 29252 3057 29543 8645 18616 12908 18722 2152 20322 25505 26168 7019 18540 16166 2136 1249 27122 14218 8839 11387 662 18564 16519 17080 11563 3236 29504 9642 21095 12969 30273 12613 12461 28755 29519 329 5858 19407 30208 2475 19540 19125 1646 10653 8879 7056 23539 6945 7429 4856 24055 18474 21989 8254 7888 5963 1664 8613 6319 2307 8928 
13570 27064 27785 15711 3291 20689 31976 7839 22025 7923 11428 22863 668 24362 25711 14554 27730 22800 6002 18858 31210 8592 5915 14022 13245 26928 31857 14386 13053 7508 24417 23322 5645 24128 26284 22835 0 24638 10443 12598 24996 31005 22544 7161 30788 31850 706 16932 13719 31712 27886 16586 25637 12478 25528 4549 4535 22694 9375 29313 7359 28874 27279 9746 28823 8818 3020 21404 14221 30919 30110 24847 2241 31481 27613 27950 13774 26026 5953 10212 6729 18611 14727 25074 24846 25138 28520 229 28508 18667 26715 3933 15551 20730 11307 17319 16080 18640 26714 12711 25281 28809 21590 17934 2230 18053 639 6626 30711 2912 18426 30556 2022 6958 15189 17927 3795 4109 6653 5699 6803 7940 19841 5893 1772 18999 30890 17909 10199 22114 858 26836 1159 1713 9539 19764 2120 7128 7279 20097 19755 11915 16782 11869 26755 15160 16928 10051 14641 798 
29280 22518 9078 7864 396 3392 16641 25236 22996 16923 24162 28267 11744 16980 31760 11418 28292 14508 7562 14325 9766 13943 23767 90 14280 6777 6482 10503 26976 7783 18853 11644 10107 31398 20959 3416 24638 0 2277 15058 30042 28056 17743 29039 21486 5849 890 27828 907 1656 12817 25611 18864 26721 29056 29334 22625 11582 2631 10264 28236 22627 1124 29554 14581 24662 1735 5803 19444 21471 16347 20621 21571 30381 2587 10189 24734 18819 8887 26824 23793 26880 9550 14540 12758 27888 5810 26610 2853 6957 8895 21130 18576 1555 1090 2580 7764 8066 2798 29389 17654 10351 21606 23493 28945 2315 11342 21903 23862 4464 1143 6263 219 10472 10514 14416 27479 23739 6393 21962 24819 23958 30211 9825 29189 23675 14956 25815 25380 22852 28234 16187 10082 21430 13334 3207 1947 25889 20289 713 29654 17816 30938 19677 1969 12461 17991 3770 3809 15303 
21320 17705 2607 28679 20315 28281 9949 20051 22220 21614 615 10235 29621 22125 18170 8354 28665 7167 14469 27115 30028 13863 21827 29654 1161 22340 7224 14541 9324 28881 4033 16447 6890 26475 4785 31960 10443 2277 0 26916 445 4108 31405 1958 3897 5250 11637 6880 12653 5078 16218 16674 4061 24882 4365 12129 9036 12404 8765 29645 12365 28655 20889 21047 31029 20727 22303 3397 18510 12603 1981 18803 11102 9972 23619 237 4228 3041 22944 23343 6751 3345 7032 16253 17285 18565 15614 15396 18507 29333 4392 7315 21474 52 2354 28474 31931 19704 31081 11074 2624 28662 10063 14866 27615 27506 11 12961 10592 31834 16169 31646 23182 29071 19627 4191 9267 1289 22631 10668 19288 14011 19902 7758 14569 19030 1940 8568 9619 11218 18343 8438 8450 27340 3118 8761 22891 18867 1989 10788 12894 14785 1717 11445 4853 30413 1408 1146 3914 10210 
14996 23464 13050 2980 3396 15258 31202 16732 30587 28715 8724 21119 8384 12847 327 5942 26996 28746 17742 25217 5346 19212 3872 1952 16933 12043 23227 6323 6719 30477 12146 28756 22547 16291 8288 5419 12598 15058 26916 0 10504 21627 2880 7085 19992 17775 582 17145 9082 24452 12267 31065 23327 5413 17830 3103 26105 22685 14521 23576 8178 18639 19504 1920 27255 24041 2423 31750 17554 24123 3964 29927 9367 26640 24413 25620 22619 11939 2225 11365 18434 21012 10583 28130 4695 29568 31960 4378 7606 24089 14684 21128 5257 23897 19498 11017 15187 17213 8123 11367 15940 3221 9823 11240 22638 12130 25964 508 28533 7237 24577 28910 4578 20992 24925 19119 20982 13054 16058 5798 10780 26359 29381 672 7389 1182 13218 27580 24174 15196 21366 7546 24012 21540 11667 5838 10848 12875 22566 9029 19265 3453 23672 61 2043 21174 16325 11311 31720 13651 
12368 13957 11567 29276 8702 1233 5960 25138 24709 10877 673 7514 18368 639 7795 25530 10694 595 18669 704 1306 8951 16906 30019 17763 12749 7928 3645 2191 26983 12547 2820 14685 21624 12072 7392 24996 30042 445 10504 0 23792 6173 25799 9900 16544 19712 8151 9209 21417 30347 5311 7761 7746 24617 8138 18502 14243 21832 9774 9305 19308 22878 20958 4777 21344 25036 7335 30074 9070 6793 4773 24715 13830 10651 28671 14392 19908 3943 1276 28782 20840 29646 16992 21362 29726 7191 17694 15220 11544 15275 30039 26869 25459 678 4782 24056 1143 1071 26084 13580 13076 17830 26828 3098 28870 18849 1929 28942 27574 7352 15650 25933 7990 28706 2910 19186 14984 19231 4600 29931 23799 9018 4893 15320 2366 6735 10558 2242 23622 14444 20273 31136 11813 12413 11936 5800 18817 9925 11980 25208 6449 2095 22680 13318 30775 24681 31472 22889 28427 
25661 7808 7782 31213 17082 4570 5593 877 25428 19271 167 20183 31605 1745 23197 20209 18092 19814 30934 3956 12609 11634 15938 27091 13819 4205 17606 24590 10563 31532 6983 790 26121 17940 13352 20353 31005 28056 4108 21627 23792 0 6727 816 12730 15799 23129 12905 27147 14665 6917 22582 7090 1014 6105 25953 5611 27217 26546 544 28377 6094 31991 13859 30742 16473 18157 5939 20799 26753 783 13934 12451 28470 13699 6657 20469 3857 20884 1150 1555 15405 30530 13246 29407 1430 27104 2132 31778 13630 9410 909 17540 653 6656 17160 25748 1654 8509 23506 20700 13862 1164 6173 21001 14140 13401 7553 14626 6549 12654 2766 11980 31909 3068 26223 12963 11364 5562 4188 16032 31940 15895 29344 5262 18111 4726 21347 11411 5364 23677 21400 22981 23753 1395 806 3279 7471 29614 15534 13483 18407 19220 2783 25702 15708 6311 19543 2039 3346 
753 12109 26629 29865 945 27494 31134 23636 20750 10851 13554 27746 24580 26486 26625 9933 27397 30578 18082 23051 368 5453 12015 5855 800 31260 9259 2949 29856 20558 26313 21382 25553 1302 28291 29404 22544 17743 31405 2880 6173 6727 0 23507 15997 6603 17836 1899 8252 10739 21664 19969 28713 19319 14597 11322 28193 4260 20457 18643 2603 17718 6570 510 10261 23896 30074 24205 15206 20857 18238 12528 4509 4342 14765 4609 27589 29575 28114 2721 29521 19080 25808 13093 22353 20492 10746 24718 18413 18369 19515 22174 13629 4007 10708 427 20833 15250 27229 13652 25079 18304 24610 2038 20957 15547 5322 4607 3899 27345 11089 22022 11496 11862 5200 9402 22812 10875 28818 31132 3691 9583 23298 1679 2075 22421 22496 4401 5313 20874 11084 4362 7476 23289 24858 11144 30666 26684 13056 19658 4333 4567 6667 16958 14584 2743 16744 23053 27497 13126 
23682 6003 29599 22540 9100 30356 2904 4850 22042 6372 13215 24181 28533 6850 29939 26553 21633 23894 11612 10770 25950 5477 30745 10631 30685 14665 19948 7542 22713 25001 2828 27042 11183 25539 17181 8727 7161 29039 1958 7085 25799 816 23507 0 7230 2647 1440 27981 3429 22937 12083 18339 1517 10570 18765 21146 7376 7452 17415 1138 30370 26667 11470 517 9902 11545 7440 15006 23979 28723 4470 7919 11773 23205 9901 30219 2186 31429 16835 30584 16410 20327 7696 27463 28492 24385 15793 3148 15893 4711 20882 31828 4054 6094 30727 1655 8957 4066 28668 18809 5686 17967 11177 21555 18992 10006 19423 12311 15856 18321 4837 11704 16047 12049 8671 22641 4689 12380 15561 4364 30824 31623 25092 16516 11968 22272 21357 21203 12683 28061 522 15056 5131 25033 24389 11296 7641 28600 11955 31791 25272 18605 4978 13124 16370 2386 11538 10653 13140 23836 
31390 9969 30958 20935 10823 10549 31905 12753 17568 11640 23656 10338 362 23545 6813 10127 28534 20647 1 30797 7251 19649 5070 17277 3548 11720 9826 28404 6639 10048 23797 13746 2010 2300 22525 29073 30788 21486 3897 19992 9900 12730 15997 7230 0 3906 11534 23008 14427 16207 1565 20646 8095 8864 18383 12696 13992 14958 1690 19405 3993 13479 2735 26332 26176 12637 2131 4668 31640 23177 17663 13540 23311 17689 22103 326 14758 3919 23020 2973 23007 20088 16598 18300 31350 20196 7442 16318 18158 1341 30394 4539 19698 21029 14345 14292 2939 8486 47 9029 28369 9971 7927 2644 30804 4091 3897 3782 18207 23108 27167 10153 16492 4256 61 20844 16341 11054 19825 2632 18018 24614 12442 2293 14179 8957 28443 20920 6684 26326 28722 2235 25412 18495 24344 30894 21070 22086 26363 4809 16009 17878 29631 29456 1037 22120 30610 30187 26225 3845 
12456 21566 4785 23865 27352 15032 9777 18714 7001 16158 13019 31088 26170 4827 16205 28831 903 1445 10267 11085 13384 9228 12805 1476 11819 31644 1308 193 8862 22515 21652 12476 22063 18267 23378 23022 31850 5849 5250 17775 16544 15799 6603 2647 3906 0 2986 16407 11231 21806 13799 18915 25282 23594 1487 16311 25326 2553 8869 4640 8046 29446 14510 523 17152 3138 13779 14713 13441 29164 13917 19661 10861 24282 7096 7078 30573 19045 17480 7499 1012 6359 30292 7840 19953 8044 26874 22966 18571 7401 29748 1254 11502 3770 29682 12151 4909 29096 18749 11737 10543 30489 1393 18294 5804 2788 15487 25859 31807 19123 3401 7795 13441 31478 13060 10348 5432 17252 25008 16210 408 23822 13472 26085 2960 15109 17421 6249 17704 134 29634 22112 15343 27587 23755 13780 4731 14383 23363 13623 18935 16232 21029 5828 15297 12194 3382 3971 9499 3248 
2364 24314 28197 11486 13277 26843 31132 13958 18334 28202 13287 20373 22827 7854 12939 22918 7716 26704 19193 14056 1962 10806 531 15251 8155 17478 9388 5846 4919 21328 30253 9606 1594 25675 14818 28406 706 890 11637 582 19712 23129 17836 1440 11534 2986 0 6708 15610 31119 20506 8142 14244 22892 17740 20161 17068 12453 27706 9063 22063 16676 26785 22006 341 2957 5394 22823 14451 22018 7294 17832 2695 22726 26906 23651 29438 20903 20618 5009 9424 14139 106 6558 26085 26601 15637 30687 27855 27853 29391 13334 22484 13661 30765 25798 1347 24809 9691 30553 9759 7913 11945 23057 11288 30229 20464 15569 26064 16469 14652 22957 31098 31614 15700 18516 6587 21722 21893 19775 230 4748 25923 16312 17543 7347 18205 27568 26166 3696 8186 2655 10181 16299 31657 10173 10421 26804 16072 14022 22782 16814 15850 3211 10539 10700 17697 27675 30656 24412 
