200 60
0 3016 19054 7777 26642 16907 15564 1280 14335 6553 29250 23162 10388 16326 9608 20044 18550 7096 30635 15045 7066 16234 2826 11788 4681 29612 25177 26394 4642 13601 1185 23483 28696 11071 22845 12177 31087 13394 18655 14097 26563 24441 9609 31364 26369 28583 13203 14599 6252 22692 11435 22923 2457 16137 14800 31957 15731 30790 30294 29823 11319 5023 29414 17141 14968 17707 12154 7033 16925 212 7013 25119 3934 24410 6984 13521 23242 14671 1566 22860 22596 3867 8753 20256 10241 5369 11042 17332 22923 13049 19429 6207 29888 1276 9410 23504 28884 20923 16981 22343 14155 7359 10638 346 8447 4458 19378 31633 31008 4589 4696 10825 1582 12623 20588 5044 28417 13932 21552 29911 24258 6387 22581 17547 26350 359 3174 8572 4442 18718 3325 24109 20777 837 27532 1778 6103 26586 12789 19700 15666 28336 20594 8496 5212 14959 12941 7287 22986 7825 12329 3696 17735 8805 5751 29841 30705 271 8705 2346 3642 9094 1187 10330 2793 10645 23693 27415 26902 24795 17218 7722 7217 19914 15259 13872 31483 8875 15812 24986 23947 17048 13373 685 1355 18304 30939 9091 8952 31014 24004 2824 24485 22050 8566 11005 22200 2783 29121 11257 
3016 0 29130 19672 26444 16668 6246 25452 14612 1802 18524 9404 23870 17848 1444 20634 4948 25163 987 10747 19076 14601 13633 25849 13984 7518 18361 14544 15903 23769 8654 19940 1565 17710 24491 19641 26198 6197 24353 21752 31534 4584 13221 879 5802 26728 10573 26128 15735 20983 18393 5103 14561 30205 21159 3911 2011 31750 17852 23157 24317 1474 21952 29947 14208 9730 29441 21885 14915 29376 18798 27077 20168 31767 15005 8130 6197 18757 25540 22147 27734 22703 8386 28735 26009 10460 22 18000 20752 11383 19430 10546 14193 21328 4088 25479 23064 2651 1978 16405 14594 12206 11581 31428 2514 9350 13876 21156 15055 15937 4345 30692 30947 20324 24968 7643 11420 9365 4224 26113 28205 416 13095 30709 7533 9334 9062 28536 18133 18472 28104 25200 15237 8686 24702 24805 574 23333 31836 29957 22376 8267 988 9762 15372 3845 26137 27825 24794 16920 23764 18252 14371 20850 20849 9649 26335 19489 26873 29119 21415 15193 1817 6270 6842 8817 16160 29206 4347 31717 26884 24534 18160 17748 5468 13358 3011 27266 1894 15284 24131 23126 16641 16417 1251 30684 691 1363 28600 9795 15523 17228 22910 14815 9118 13616 11410 2598 7957 2634 
19054 29130 0 19403 5428 14986 18281 19360 14554 16917 18658 19584 25533 16817 14652 21603 28018 20463 24164 19445 20159 26132 9598 31636 8610 24602 5854 5204 8523 31150 24337 7677 11550 21554 20947 3081 17844 28091 24087 11945 4056 11537 6660 15294 19340 21172 14069 18657 25348 2771 4214 20062 24232 22612 7499 10035 26644 11473 30826 3603 19737 20631 25598 8295 31163 29863 15716 24137 1074 11447 1583 11656 6123 26159 24102 19881 3462 31278 4674 26339 22743 8581 1203 1056 6119 28344 16090 2560 243 25346 28238 17879 28265 22864 25048 26539 25840 4674 2425 569 1119 11055 28769 495 2754 10784 20983 15345 23898 29137 470 26647 2203 19893 29131 8427 11821 25329 17370 23212 7406 16221 12088 30031 16108 19849 4688 12411 9582 23987 27073 10378 31978 8915 23644 24461 7949 11410 11303 15686 30648 28748 15455 1582 9727 18707 5999 24174 23338 27565 25340 21992 30133 30098 28379 22061 29266 25585 10518 11909 28388 5802 7660 3565 11651 19027 208 1554 3709 10038 9063 2904 5713 12111 31629 29144 27315 19023 9806 30299 22669 17053 21999 12898 18425 16977 27108 7967 17738 22074 24537 7035 259 28119 22187 26128 18139 23392 4462 9774 
7777 19672 19403 0 16917 28593 19763 10107 14720 6300 15336 16297 15817 22882 29022 30493 28469 7226 18332 18832 7439 10719 15277 5950 13988 15247 30371 10985 23879 29197 20623 15572 23372 23455 17547 27849 9229 27409 31153 18452 20712 946 17954 16518 11584 26451 8961 13684 10105 20812 13686 28086 23037 23415 20141 8362 3642 4148 26837 25648 11682 23396 10786 17580 21418 8046 23500 12296 17613 7486 30991 431 27527 1602 9770 31124 24923 28780 10848 20010 26062 25908 31739 5226 25707 20372 16452 19409 29118 2058 15501 25696 20057 19354 25897 13723 24787 19147 23151 31627 16069 6822 25276 26045 9164 14267 28782 2114 29835 3869 8682 23470 18342 28513 14488 20250 21449 7588 10211 13091 416 14979 2362 17129 23005 23073 7955 10001 7478 30757 22499 27844 10597 31418 20008 5294 3623 12943 16992 31489 318 21717 8464 30065 24945 2629 31935 15159 16263 23064 7416 27407 19536 16909 25421 5946 26525 8551 26960 12413 7492 16877 27544 6945 7198 23274 21187 8178 16905 3628 12399 29249 6375 24325 16192 13795 19869 18254 26078 27952 16150 8799 14069 4358 28479 13849 26676 30148 4617 13789 24912 26960 30827 15507 12287 6931 11870 20389 2813 8696 
26642 26444 5428 16917 0 16925 30703 29609 306 15473 30745 19650 30544 5553 1506 12877 4717 27598 30544 11973 28634 30542 1918 24124 4604 31819 12185 29011 15435 21363 18406 10819 4435 25606 30139 22232 31414 11483 13441 24432 16680 14428 18872 15104 29041 10373 21491 28430 29807 11752 16855 7096 785 3500 21024 26283 8284 7048 6556 5677 11113 16332 30509 29460 20581 29785 10443 26316 4495 18340 12416 25428 15165 21431 26986 28481 29400 18992 1212 9658 12507 27456 30653 11642 14296 3756 7367 17617 9075 5326 3913 15267 23652 30101 17349 28774 9337 16513 1234 22824 1937 3496 25627 30599 25762 2484 21086 25783 29620 29410 2670 18559 14819 8708 5937 23612 3169 29311 22946 28124 4977 24653 2256 23780 19053 28668 8924 6763 705 15790 511 9756 21741 28951 19074 5943 14470 19585 31172 5008 27702 7627 23863 21135 2743 17509 4707 9006 29403 14165 1761 23806 25991 31029 31585 29217 27315 10034 3236 25425 24684 25615 6274 17112 29906 28704 22758 13461 11290 6735 23244 28158 21644 15642 30794 15384 6278 19858 24964 29824 26999 20318 5813 2661 6116 22453 25901 29579 14439 4199 30285 18761 15274 11989 16524 10891 24432 756 2678 19153 
16907 16668 14986 28593 16925 0 27925 6571 28408 30770 23768 28977 12121 1761 9986 11096 10292 10362 4371 26346 3963 21240 31215 10644 12679 21563 25313 18409 30481 20999 23956 30558 25914 19717 6938 18511 6019 8383 24552 8184 16339 167 5590 15995 12919 30736 13346 16863 22300 30257 21613 8206 13525 15400 10683 9941 26139 25332 31350 486 10182 25721 12907 12760 18200 4734 19146 6180 13234 5041 24360 26665 28827 27808 9343 14632 9023 704 25388 28999 364 1897 2286 23185 23894 4055 4333 5106 11155 2345 6319 5182 28190 14436 21539 12330 19543 16496 5785 5969 256 7192 17350 20015 23872 7693 25028 14888 22434 29667 4111 5504 30485 11281 392 29283 25069 9203 2164 18141 21728 6602 4220 22498 10504 9146 7853 19270 19942 13002 20856 7877 21084 4838 25522 10235 23473 25822 10644 6763 11152 11623 3515 379 6663 16409 5928 16500 7051 20846 26176 7045 15857 28104 15052 10432 11125 31850 25849 23579 9398 16252 22359 1903 1719 19978 6876 19323 17631 8196 20193 12257 29176 574 13602 3622 14898 7281 8897 6837 23839 28983 2371 25819 15543 24849 28816 22986 20053 8547 1526 15257 9911 16246 293 10049 28161 10612 15411 5281 
15564 6246 18281 19763 30703 27925 0 25813 23695 13074 20193 26607 16626 26749 5100 24871 19752 1376 22749 15695 14289 28295 14603 10670 13952 23347 18628 5884 955 14871 9288 13928 22013 15707 25548 31891 28341 23195 10873 9363 3654 19174 5228 8435 28167 1985 17077 11696 22595 18468 23386 18235 4151 3962 1620 11643 22553 6307 25742 24010 13 25843 10219 7925 19247 15409 30014 28479 3470 8347 594 7260 4397 22495 29921 10359 10242 28193 2463 24366 9720 12281 27182 20371 24047 10099 21545 17963 10936 9488 31515 21232 24604 14785 7558 18768 23764 14833 28639 15662 31632 14970 14223 1502 7922 5036 12273 14379 8850 23371 7256 12882 27129 28815 16136 4102 23975 28708 24378 11628 25104 14889 17946 11550 24728 27699 15306 28457 17565 27977 3422 7441 30827 25063 1760 6090 28231 12798 30283 2494 5990 1520 13458 23244 24821 18069 4248 15429 17937 9787 24119 6639 15054 4511 31035 8963 14386 14583 15462 18992 14648 4842 363 17816 15055 20628 9205 3024 15323 27780 1951 20706 15665 8639 3067 5452 16796 26045 5518 4351 19932 31336 2768 16995 26787 24354 20782 27472 7577 21438 22025 4373 29015 23428 1463 28786 30317 15663 18558 6303 
1280 25452 19360 10107 29609 6571 25813 0 19586 11014 23920 6528 18818 31723 24305 26952 14561 1726 19925 8709 4889 21723 2104 5747 22376 18913 28667 26514 6095 2996 31937 1961 25622 2170 10739 9537 25031 31134 30397 17190 14895 27089 30736 11371 8289 9732 18079 29027 20787 17264 1251 29609 6464 10384 23575 23066 17893 290 2878 5847 14149 16682 19481 24900 20806 11760 28210 17676 1938 20222 18389 4124 20120 31267 13842 22692 12425 20596 8893 2331 14428 14406 367 18488 204 25398 19588 5114 10326 20770 4379 10657 23868 18222 23066 6068 22405 21953 18472 12794 22011 22663 31922 6786 9261 29549 11240 14492 5227 6312 2749 16862 1486 31151 23275 13345 24110 8766 28141 21890 5675 22354 7172 14947 9253 13616 16692 15464 4421 6750 19526 891 27251 12457 12996 31177 20318 27935 28928 24771 24696 4883 5646 14623 19959 9500 11974 20181 20183 30487 23236 15395 9940 11041 17256 24715 8305 8863 6360 27089 4852 4151 5370 19966 23656 27605 31611 19296 27291 424 8908 27528 12830 22306 23584 1611 11849 19453 4464 12995 26421 561 10871 23629 29121 24832 8631 13961 27022 9963 30068 14942 29700 20155 14005 12019 17228 10106 29767 9144 
14335 14612 14554 14720 306 28408 23695 19586 0 27400 27948 1105 10970 6382 18850 26496 27991 6493 7582 11201 13591 31230 26768 12968 14642 16588 25526 22041 26514 23063 29480 25168 25079 11652 12749 5593 30708 3851 25955 7064 12271 17655 4219 5826 15140 3561 23161 6625 1187 4565 10904 10708 8781 28163 4068 15821 24795 14352 19774 16209 16599 27626 23644 2619 28065 983 25798 26297 19563 23918 16858 6988 27964 22428 31944 20940 6641 15008 22678 12898 17463 16655 17181 20108 6802 6865 24074 12316 29529 25633 478 19769 25014 13457 12014 5212 9131 3332 8803 23892 10248 24753 17466 31555 5238 7718 13125 12446 15471 6723 15400 11313 10819 8763 24413 5400 5652 29334 20785 454 26842 16433 29636 30722 17760 10555 24588 30949 30277 16698 23762 28381 763 4356 25779 14764 6091 3526 9761 10345 7631 8705 31327 31870 11254 10887 30600 28585 3332 29570 24200 10235 14735 16750 9249 15067 24835 16921 27368 13827 25502 7082 4677 5762 21109 24726 7798 18616 28525 7852 19852 12637 13122 18955 4459 8570 16771 21030 1742 23662 29843 5574 321 7658 23209 24584 1318 2805 12241 30555 18352 15849 24809 4483 13546 18035 5284 19864 25521 9111 
6553 1802 16917 6300 15473 30770 13074 11014 27400 0 9791 17363 11936 16629 5935 25400 17317 24408 3517 17291 3876 20595 1642 21768 9969 1169 29916 18061 8450 8612 20444 31900 2677 3905 31833 7516 26503 26527 25186 31638 16285 2458 24110 13499 2878 180 18710 4828 15637 6673 29592 7855 18418 23418 11861 7312 5576 2394 15123 2428 1968 6083 23483 6934 30947 15464 19546 17061 18371 26019 16418 11539 16593 15727 25705 15598 12470 9070 25512 4969 23358 13027 24444 1882 1111 17079 29606 11068 24085 25207 14606 19758 9135 23891 15547 29681 31618 14111 3035 25069 5388 11349 10176 4652 2802 13584 4575 13659 30713 1297 16338 15822 30479 1468 10070 21372 5954 23578 12877 23038 23494 27608 18364 28051 19954 20037 18636 26142 26689 21847 4299 21540 9557 4517 28459 977 28911 18029 14721 29684 15607 30862 13190 27389 27000 25997 8472 24324 22947 915 15673 1220 25803 31596 16397 17307 24422 16521 22751 18315 6161 28670 13339 28474 20875 27523 29268 22516 20920 19061 14142 21671 21150 23765 6067 29669 2922 12614 9650 740 10091 3090 27994 31615 21012 27173 30706 9526 12541 3343 17891 28201 24033 24581 20154 3871 29344 6367 2601 27268 
29250 18524 18658 15336 30745 23768 20193 23920 27948 9791 0 22057 1076 12664 5963 23399 1117 19421 11212 16421 22454 30622 28583 28777 12866 6170 26105 618 8630 10467 28304 8596 6522 20416 20209 9865 27820 21418 11346 2076 22303 7376 3742 23382 28246 12692 23926 24435 12427 16270 26925 28388 30125 5510 24265 2892 1115 8316 19974 20100 29675 29090 10580 665 20583 16734 17110 1739 31117 24650 21091 24973 15052 18742 28551 16522 14668 5410 6016 27036 740 31558 8515 19668 547 24588 19574 30071 1865 16402 15221 6397 16973 15403 27984 1298 18647 6492 18889 11926 4165 15073 5464 11935 27304 11047 29736 15476 6341 4817 30233 13201 12055 15286 1982 4263 11721 5855 28510 28315 29118 12427 25845 5508 16523 15404 30514 24495 14713 3689 7544 22429 24965 6684 10463 8961 9057 30292 21298 2244 17267 24914 14577 28930 28371 13453 21326 28173 13647 27311 1073 11623 872 10392 1846 31433 10324 11096 171 20257 22780 22326 29077 15245 11517 13486 18090 30051 6313 26476 17237 22827 29445 15700 5047 24224 31690 8060 16547 9396 20325 6957 15263 25995 27129 24296 21223 2173 12378 16477 14955 2583 24850 12403 1486 4376 9821 17476 10343 25206 
23162 9404 19584 16297 19650 28977 26607 6528 1105 17363 22057 0 8797 25029 13069 26479 5428 4874 16753 26167 13575 30971 83 552 24124 26834 23197 30395 22462 22473 12731 14958 20476 26400 17822 24002 24553 25627 18107 9790 3579 17666 19721 31083 16941 10528 23303 29142 22526 22725 23988 19730 4721 19269 11414 29109 6412 7672 1716 30039 986 5945 5533 5782 20329 10600 28000 14101 26829 28648 4754 27258 9372 13602 25933 28013 15345 25474 16172 9628 22634 6774 22608 7866 3627 6514 22879 4987 21210 20207 21120 25754 4769 21864 15969 9429 6192 27997 563 1773 7865 1617 26537 27047 18675 12237 12029 24014 10008 11867 29676 5936 11752 27020 18613 28573 16293 30707 8479 30188 10517 6440 23409 23543 7812 12231 18041 31898 16064 20592 5510 25016 5661 14533 25454 15159 5487 19568 16010 25089 6931 7707 5814 24066 27879 25463 18003 23853 16718 1847 6214 14711 12335 4370 14583 29403 16115 15045 17747 15189 23947 26384 16842 25832 26216 9397 7507 29594 7810 9597 11876 5235 12114 18995 14588 6018 13017 8103 26778 31705 10904 21934 22083 28557 662 19997 641 17335 3678 4307 21087 29303 3839 19373 8559 10221 11531 24207 10694 12350 
10388 23870 25533 15817 30544 12121 16626 18818 10970 11936 1076 8797 0 4776 15128 29782 22764 8051 14513 14854 540 10746 19289 31564 7485 26422 22137 15720 14532 25137 20242 19633 29116 29449 15287 20110 31168 18418 13455 14459 5124 23601 25432 20490 3917 1057 2399 12511 20979 23345 28041 17331 22246 23523 30541 18257 10150 19150 6582 19100 23626 16285 21350 12167 10105 9487 16526 10267 17524 13813 2294 14709 2314 822 25339 15300 21409 26573 8844 22351 8244 7625 8492 2669 28751 9036 20466 7563 25364 20365 13452 12841 9018 19670 24631 14813 27144 5510 31689 30286 3678 28944 16807 570 27052 1530 30670 15472 30201 15326 462 25302 14557 22892 17866 868 18055 29286 19066 29479 19127 28066 8745 26944 708 1291 28087 25570 14232 15520 26775 14166 19631 29812 22994 2042 13339 23724 7426 19005 28291 29316 7255 19365 5919 3145 22165 9929 20157 18272 24340 18007 21439 8253 22462 27407 28698 23149 29716 10438 1368 5517 31786 23908 31383 14416 18854 17126 23176 1404 17605 23900 13680 2541 27221 2539 12330 10385 19388 27852 1058 5994 2287 3147 30299 22927 20603 12232 26987 19243 27520 31418 18553 5499 12720 25511 4934 12756 2388 11821 
16326 17848 16817 22882 5553 1761 26749 31723 6382 16629 12664 25029 4776 0 4725 22194 22471 19386 23231 5449 17321 14654 28466 9677 19796 31603 11847 29922 8563 12529 19293 3726 16791 2223 23220 3133 4148 19978 18549 10685 16802 27588 22695 15426 27421 25345 11578 12898 31172 20043 15615 5144 13724 24973 23724 708 15245 27930 15323 14631 2402 23207 24330 4458 28364 11595 11164 30232 8798 389 22741 30494 9873 3381 481 14289 24257 8864 4300 29158 3117 11631 20618 1146 16121 12975 26351 22795 27438 20689 20918 1147 23735 17066 26237 9747 14181 22899 22726 637 30443 1481 13303 28359 30689 18605 23386 25958 27587 18564 4892 28975 24306 16150 28240 15454 14512 658 26347 1938 14375 31879 18633 11470 30562 16107 15014 9592 28242 26135 15908 349 27081 13255 12234 26281 5248 31261 17410 8434 27411 12446 3353 2349 20739 23602 28481 6069 30898 10023 13713 24139 30057 19501 30466 3599 12884 10330 12659 25994 28547 11302 12709 19367 20713 25711 9534 14260 19552 31349 4553 15716 13730 12509 21683 3279 14416 23985 11342 26991 23277 31069 10448 15396 483 5554 14419 31535 24700 21734 9173 16953 5096 401 3129 15692 1340 28848 27203 14295 
9608 1444 14652 29022 1506 9986 5100 24305 18850 5935 5963 13069 15128 4725 0 21643 817 28735 30547 19157 16657 9766 3267 11446 19529 11116 29625 17724 10771 12250 31211 25705 8223 25132 10115 23605 14226 30228 16927 138 15619 8502 22736 8520 15742 5420 15133 6464 2435 2945 30207 16186 12038 15543 24548 28401 1390 26178 3246 2323 7831 18316 19891 25668 21202 7922 16572 26650 15842 11459 15880 29985 14590 13894 24905 28886 24788 690 3235 17068 6274 21813 22962 20748 31388 31728 12674 2639 28971 17399 13462 21956 8362 30291 18916 10414 27401 26369 7125 28229 428 26098 4680 8114 18282 18443 22669 11285 28304 24869 24684 3456 26334 3340 22813 14843 24710 8321 13647 12160 20274 30777 10275 26622 26364 30174 10287 25944 8821 30475 27774 10340 13985 24146 29325 12527 8695 4151 30029 1717 8292 27956 29478 11627 12614 25524 11759 12471 6003 23322 9464 6964 21297 16314 7683 30321 11837 31965 8004 22256 11462 2239 28518 18985 6513 19601 7815 25223 31829 17017 28985 14183 10749 23951 31617 23581 11115 6367 3802 27633 21266 26732 14128 1052 14041 20009 19686 15053 10780 17664 26067 13352 17323 19661 23359 4163 24011 26465 18152 28202 
20044 20634 21603 30493 12877 11096 24871 26952 26496 25400 23399 26479 29782 22194 21643 0 16902 11901 14595 3934 6817 3278 1672 27865 28418 7781 15472 15270 20404 14733 11943 28725 3973 15960 29534 5304 18824 5784 29196 12581 27158 13032 22377 24630 9674 5026 7026 18025 29569 15591 31593 3841 8545 17051 3027 27652 14799 16230 6777 9531 7032 22454 18792 54 26442 15545 1522 20294 4729 9828 31915 29826 20091 22127 13422 22724 9229 7767 27990 27562 23341 20571 16070 11414 4126 20865 611 7855 7784 3471 23061 20958 13014 29715 15370 25298 17015 3421 23988 29950 3486 22912 17863 14487 6628 29013 16445 24984 15137 29049 25683 14014 4215 843 6026 653 31560 20719 423 6474 13372 7503 6324 23551 12349 10518 7677 14459 13691 17588 6933 8272 21098 19037 25040 4564 24767 7690 5447 5410 1400 10872 6104 15383 10193 26405 7459 9558 848 22615 8463 29509 5564 2326 26565 23310 11038 2861 1712 5536 22471 46 20356 25260 31563 4203 27444 6057 16511 28159 18427 2002 6015 23236 7253 5667 15275 7259 26372 12129 13990 552 30732 18960 22359 25939 25784 26235 15081 12746 3476 4528 17355 20795 6258 22914 8881 16411 31078 24966 
18550 4948 28018 28469 4717 10292 19752 14561 27991 17317 1117 5428 22764 22471 817 16902 0 3206 4263 11839 30614 943 14790 5672 588 5964 7585 20537 29140 8891 30394 29306 10267 12844 31463 17349 26465 1445 19538 14538 28729 2815 31865 31245 28556 25575 6191 26339 1942 26846 4761 3192 17382 8249 22321 9675 11874 15906 18118 10160 14913 12436 11898 13517 20495 4962 19907 9117 19117 13105 22890 30832 29774 4985 30095 29032 3962 25224 15266 30590 17678 2942 12651 10875 15418 7761 20995 21759 2178 25803 3544 31612 11453 23687 16045 21307 9241 12536 14743 16215 22036 15969 16385 22205 8836 6109 2217 25650 21136 31577 13984 25420 10933 25493 25934 887 22722 29479 8811 7922 1499 1655 25863 18895 16761 8643 8834 18678 6504 1564 13972 4643 1224 8039 30023 18659 27916 4189 10232 19098 14078 10635 345 8832 11705 28499 10609 3230 5293 7401 15770 30166 7838 5462 19074 2008 28837 29304 20266 3630 10285 2047 15594 4401 18679 19314 29803 18192 21014 29224 20139 7376 12787 24399 4348 10823 17994 9960 28677 15903 25131 3528 7872 22489 19194 3224 13177 10951 13680 19670 16341 6161 18583 11986 17608 13489 8401 15793 13726 18806 
7096 25163 20463 7226 27598 10362 1376 1726 6493 24408 19421 4874 8051 19386 28735 11901 3206 0 16262 17729 26585 9537 5354 14545 11052 11937 13067 14804 9692 28145 18130 6862 487 5767 13775 9576 7915 18910 7732 8299 6958 12178 22232 18888 19097 24677 30004 23698 16310 30012 18279 3585 17080 289 20789 1903 22387 2113 21762 28509 15710 4590 19931 27758 27031 7325 28524 6506 4830 8424 11273 2108 8087 4492 10409 18418 14283 22635 18661 25794 15399 24457 11260 25090 17914 2065 9936 15662 10809 10065 18921 27365 29566 5560 24944 24555 28163 8158 29236 2087 7082 3963 15528 17317 13304 9581 14049 30099 12308 8118 5531 30791 16075 13178 17203 8246 19085 4868 26797 13821 30320 25792 26543 1371 9259 21056 23170 19252 25883 30267 5911 18318 4673 27528 10495 11926 12608 17446 23152 11931 3170 3127 12613 28688 8339 18174 26109 7053 10595 30695 29370 18381 6918 7295 2627 4528 8790 9078 4609 1849 10191 31651 12549 13200 19601 5118 18174 7936 28001 18087 27718 17912 8870 29661 29909 9485 14191 29446 27978 11509 14442 5548 7657 19341 26605 8572 1174 26835 18160 23625 23262 26346 3087 2310 7149 8732 9867 22734 28567 27346 
30635 987 24164 18332 30544 4371 22749 19925 7582 3517 11212 16753 14513 23231 30547 14595 4263 16262 0 18295 31411 22665 576 383 14485 20875 13579 3096 18831 17536 17744 12212 10352 18675 23222 6007 27450 22820 16666 19259 21028 20998 25228 15245 14487 28737 20560 13743 7731 22064 14816 27031 9161 1506 28646 27884 3681 24091 27205 13582 16691 11346 16143 5901 18095 5298 9613 19118 18295 8474 30268 28011 4193 15903 13260 31857 3192 15111 30241 22433 19194 18125 1364 16018 601 29474 15281 21387 315 14184 9144 7820 15740 25783 24606 1092 20777 14297 15819 19481 29829 18255 9435 9765 1798 4684 8607 7220 86 29111 24987 7625 596 11563 14727 31257 19730 24569 6481 26892 18390 5154 5399 31809 29979 10846 25134 11785 399 27674 23839 21096 12053 2164 167 10521 27842 1343 25269 19336 19169 20739 18797 15319 29937 16379 4905 22748 16548 790 16244 26399 7904 11001 29967 3551 9407 12537 31726 19980 2960 27428 15674 5963 10966 6199 16463 12279 325 19878 13245 18204 10442 3993 25672 27515 25218 14571 17897 4491 5056 4139 26572 1908 14857 13725 850 1044 25 12855 26383 7676 10461 27558 5323 20082 8568 12361 8323 29038 
15045 10747 19445 18832 11973 26346 15695 8709 11201 17291 16421 26167 14854 5449 19157 3934 11839 17729 18295 0 28614 27021 12401 4391 2417 31886 8368 27789 26615 28039 14173 231 22717 9616 12576 1102 18737 29253 28840 8290 21185 6088 2726 26181 15074 13757 12496 21662 27916 24397 18912 20120 1721 4645 25235 9441 17002 11636 13227 4013 4771 1009 7150 12721 2539 18900 9766 6953 26317 9945 2336 16595 6619 9281 8621 2034 12454 14545 30885 14157 27336 17873 17888 2351 13275 5903 24892 6501 6784 23771 21658 28996 22874 15114 20450 2721 23058 14068 12027 15063 11345 17271 29653 19910 2249 15858 21089 29647 20782 27467 8595 19162 6453 234 24935 21841 5277 4797 17370 1571 9764 10291 7662 12739 22925 12354 28072 8231 26274 1122 25361 31434 11820 25231 20793 24235 14077 31820 14128 19020 14056 26524 15628 10677 3268 9480 14055 20591 15726 7325 8671 651 31940 9195 9237 25241 10924 30728 4016 3250 18187 18060 23768 30064 1743 7827 13755 3569 16103 31167 25740 8153 30278 17716 25984 26701 23780 19611 23248 4601 18622 19488 4795 9740 15314 26485 385 8504 24869 12237 18282 25780 4798 6883 13246 16954 19113 3057 14540 27914 
7066 19076 20159 7439 28634 3963 14289 4889 13591 3876 22454 13575 540 17321 16657 6817 30614 26585 31411 28614 0 30100 16572 3727 15888 25268 8914 23637 10956 4029 598 13920 13707 13066 13432 31507 16201 7563 25725 9834 30995 11203 4285 14833 27148 20170 421 20939 26219 3148 21941 7084 6267 29319 1155 20703 29849 12369 18871 17729 20025 30479 16396 22596 16353 6335 19541 236 14891 27119 10613 16085 199 24515 24422 12075 9335 30707 20275 30639 3858 18378 9981 22713 29825 28712 25850 7728 25796 11393 24688 9620 14830 16604 15806 24820 8484 3028 29012 22264 6818 29849 18614 7384 30390 752 23420 22115 24259 15918 6740 16889 17982 20033 16383 10640 29620 26279 24655 26802 1730 20341 24367 29309 25371 24401 28827 18594 20102 1144 7844 31591 21981 13753 15725 13733 23567 1912 31280 10953 5918 5803 21817 9687 2593 6111 7145 866 3651 20020 27572 11925 19650 5213 15908 10797 17649 19873 21460 1917 17206 30685 18037 26216 26381 8831 31948 1130 9730 25995 14001 8591 16314 30362 31505 7034 19691 6614 12269 23391 13919 7935 601 25097 13557 28009 29310 16084 21663 1019 23704 4788 29797 25649 25591 4140 18016 13082 1282 31576 
16234 14601 26132 10719 30542 21240 28295 21723 31230 20595 30622 30971 10746 14654 9766 3278 943 9537 22665 27021 30100 0 11045 11035 24162 1440 29 13930 22667 1978 24503 2466 370 29679 29508 1310 9564 16459 30589 25631 13042 12738 17787 17097 12097 27432 19647 3874 14522 27960 7211 4632 2610 4240 22021 28539 29154 690 16122 11262 25447 20228 12055 6969 25282 24271 6865 28328 4951 28738 4093 14508 11249 8047 13783 23175 1467 23116 20478 6499 3399 29362 15221 3147 19338 4704 27554 10287 26077 13559 29521 15588 6908 14846 31665 29216 15625 21983 19028 19840 16521 6887 15154 10628 12388 27976 18086 15248 12520 6169 366 5868 709 12883 5038 9156 31248 14037 17644 10280 4932 30048 30227 16908 21051 7834 9331 27207 25400 12813 23998 29846 2272 4904 21772 3993 6458 30524 20695 15315 3253 30591 13310 23981 28450 523 30661 12659 28340 22239 14290 18517 19718 8155 8240 5222 25876 21191 31054 22942 12607 18763 11775 16346 16204 12791 13947 16602 15461 5691 11611 13377 27669 22382 17312 18839 12622 14283 18091 3657 614 19310 7493 24998 28436 1882 17559 2530 11382 12916 22833 6422 31245 29832 4359 1340 16318 20546 13678 6455 
2826 13633 9598 15277 1918 31215 14603 2104 26768 1642 28583 83 19289 28466 3267 1672 14790 5354 576 12401 16572 11045 0 7368 5570 20766 14451 10312 17662 20878 2840 2366 13652 15708 3796 22868 11003 28843 11033 31659 27680 4374 18768 5078 18150 30891 21713 31966 1375 21484 15085 25661 28822 1742 26598 12005 24455 13756 20467 1336 8739 20115 25407 20495 2639 31909 6633 16822 27619 12729 25859 18156 9644 6662 17300 4837 3180 10301 11672 5705 31191 4734 8188 2100 21142 19551 6565 23862 28998 4842 7016 21331 15224 23198 10257 25346 4784 25707 17503 19247 23143 11960 30467 2874 267 30046 19366 24567 26619 16556 18913 21166 1166 20579 325 10011 15371 11705 31315 24941 1200 8024 20099 20296 19117 12126 3391 30917 2087 11100 18406 12142 11576 8537 6859 31812 13547 24526 6965 14268 6466 31657 25438 28347 21298 19020 5495 31391 25508 24205 18848 29240 19059 5302 9714 12232 2418 900 18807 19208 8549 2089 23342 9508 6917 16460 1034 22972 31486 4102 26097 19939 20722 5604 13247 9249 9589 14057 5698 16243 1552 7051 15165 18759 577 10675 21863 11139 11127 3520 6507 4221 6169 12674 14312 25345 23165 17729 26992 22352 
11788 25849 31636 5950 24124 10644 10670 5747 12968 21768 28777 552 31564 9677 11446 27865 5672 14545 383 4391 3727 11035 7368 0 29850 30552 13361 13145 26906 24968 4166 19031 30979 23498 31337 19692 29392 12090 27449 2327 11970 27194 23574 4636 3037 27758 21288 18817 29417 23231 24665 23571 24434 9564 8279 16095 19913 1205 13204 12090 18178 31104 19015 13755 24053 22709 7785 9788 12862 13970 28089 7389 26429 29336 3001 258 13079 15757 18095 593 19636 2681 1446 7094 31424 6058 11627 4959 4268 28337 13714 29889 24491 26468 7279 8082 20917 7898 26398 12238 20872 30579 11645 5555 22179 10958 2093 1734 25162 11985 7318 972 646 19110 7392 21970 17955 4281 16891 5927 20913 21948 20889 8541 19844 17060 6960 8013 27573 17066 29178 1041 27424 3916 16117 2824 5220 10058 26852 15063 13287 22442 26956 25955 10448 14517 16505 10200 22027 10232 30071 24998 11850 20037 8731 18047 10239 8881 24056 19547 18020 24212 22123 14198 6516 3981 15505 5197 13552 636 19276 14245 15452 21127 19011 17541 23040 26902 2783 9783 17640 29912 25167 4172 15077 28605 15238 406 1675 7930 569 16685 30258 3337 11235 25708 28150 4775 15809 18673 
4681 13984 8610 13988 4604 12679 13952 22376 14642 9969 12866 24124 7485 19796 19529 28418 588 11052 14485 2417 15888 24162 5570 29850 0 13367 20763 17511 28809 20468 4845 4785 3557 8790 6413 28591 15663 16078 20337 4924 26248 12580 21989 6281 8935 29041 31241 5658 13843 28708 16462 4551 7595 3326 22524 955 1311 5141 10798 21368 18612 18901 19156 24785 31619 25849 1968 30702 24953 3734 22106 23116 27737 22801 26940 14522 17589 21795 8341 13917 16633 31964 2682 26796 27488 17053 26832 23156 1276 1308 14164 1493 29619 5476 6547 20803 24636 14802 26353 8581 6949 11032 12454 16825 9680 4414 12220 30031 14449 1692 21523 29193 15378 6112 16732 23809 19087 17422 18721 19874 12697 31867 28859 19885 27831 10193 29018 22838 12608 5646 13569 24228 23650 3973 21383 16052 2078 19419 7831 18807 29514 30730 4784 17487 8077 13154 24613 25589 12390 2434 28190 21110 1573 30819 20885 10545 11248 31053 20569 28890 25535 28384 25615 11642 9056 12556 14891 18797 2932 1817 11771 10850 28784 10912 20125 8798 24732 19087 24324 30137 5399 2089 21238 24863 29904 28163 20240 3472 9870 2056 11201 4961 29418 17014 28490 824 25167 2782 22980 23059 
29612 7518 24602 15247 31819 21563 23347 18913 16588 1169 6170 26834 26422 31603 11116 7781 5964 11937 20875 31886 25268 1440 20766 30552 13367 0 8299 2363 26510 724 31736 8706 24914 25446 24883 30988 26392 8284 22095 29189 24551 20469 24227 9791 11495 19731 30634 25772 9830 10302 7173 16614 8662 10911 14199 298 27596 22789 14567 9303 20737 29666 1633 26610 4691 29773 31251 17700 26563 3841 29779 26553 3959 11099 18070 15650 12985 29279 15481 25970 245 18611 7867 16995 6845 17824 11584 26705 8392 16151 9486 11581 10989 17321 14930 6602 19243 7564 7770 29250 4259 19611 30363 15505 31643 4693 27564 11846 5500 24540 6728 15256 20435 27383 5711 5214 9554 7951 28868 7701 463 7476 15055 31197 19267 17688 29627 2682 26571 12817 8440 23638 13481 13594 13848 18044 1602 23250 10708 20381 11040 27514 26376 15630 28400 26617 22706 3271 6789 3291 24053 29284 25810 18764 21274 26150 3570 20768 3725 4850 16674 3533 23259 22863 12228 7790 2233 24171 31837 24769 21503 31254 19606 28201 424 17092 14141 6315 16850 1165 20548 25843 19139 17455 10432 8015 18144 18442 17898 16561 23223 3106 11552 1713 10229 16927 22500 24199 17519 23886 
25177 18361 5854 30371 12185 25313 18628 28667 25526 29916 26105 23197 22137 11847 29625 15472 7585 13067 13579 8368 8914 29 14451 13361 20763 8299 0 1772 20715 17336 13967 27100 31824 24257 21993 2529 3711 2168 17749 27960 12406 31221 17513 19797 30434 8067 30062 30942 22824 29860 24674 26796 11102 10252 27126 13263 9296 31394 23695 4744 23934 23940 25158 24143 22043 23042 2794 6860 27149 8351 16378 24800 23281 21 22190 30363 18966 26704 1005 16453 15231 29552 22101 16472 5603 22217 19256 8322 8111 26852 14747 10405 1280 10109 23352 17624 20139 11141 20347 1381 28214 13599 5510 5579 13534 9636 3118 18619 20625 31905 29949 5405 22515 25558 31280 3338 16732 8247 8889 26321 25302 6124 21052 756 30752 21843 22547 21545 8111 2554 24652 92 20906 31911 31143 16297 29164 10066 6299 30564 17411 5671 2896 11796 26677 31879 2211 1393 26487 14341 10023 17259 10870 15211 24608 21796 30352 9141 4745 17906 31961 11282 29709 16991 19225 13288 11279 6955 20170 15310 13731 16199 23324 26001 29844 17626 9715 30514 12894 24637 16869 22500 4660 27136 10815 4112 7417 23525 14079 18003 15944 20706 9688 19324 17518 2081 5171 3729 23916 23552 
26394 14544 5204 10985 29011 18409 5884 26514 22041 18061 618 30395 15720 29922 17724 15270 20537 14804 3096 27789 23637 13930 10312 13145 17511 2363 1772 0 213 8735 31438 28218 9948 30669 29776 4202 30610 9581 27797 26232 22337 22233 6889 24320 3766 27885 6938 2977 20032 28300 30331 9216 14773 3740 9955 4547 22126 8966 1196 24983 6727 13240 21941 21036 23713 28324 20576 17716 26720 12479 3990 18537 27886 30468 5567 5509 1847 29551 21195 3144 13739 31491 9262 14454 27201 4549 18652 20951 367 23488 28753 14646 13875 13568 13453 30051 14862 6551 5137 16178 8965 12700 30692 28539 28319 20776 15505 5145 3563 30040 7463 22508 19831 18254 16952 7640 28763 5681 16859 26052 8493 23081 6571 25756 27658 15717 11975 29264 21397 3351 21457 5588 15344 16243 17904 30239 29637 31155 10702 29229 14913 3351 3739 3069 12308 26590 27402 26773 25459 13135 10576 25850 20503 13747 4649 313 22076 25689 23507 24674 17316 24722 11537 23944 19858 29108 3625 29635 5840 3608 29160 19760 9898 19484 16026 14828 29170 30497 14611 13853 23291 911 5802 26345 10398 1486 28986 8318 3129 17483 22048 22281 8620 12666 13376 13248 28507 25295 25857 730 
4642 15903 8523 23879 15435 30481 955 6095 26514 8450 8630 22462 14532 8563 10771 20404 29140 9692 18831 26615 10956 22667 17662 26906 28809 26510 20715 213 0 13924 3613 27506 17164 1975 24095 7385 28348 29070 28152 29649 14012 11019 30717 12359 15338 12129 19225 22072 14011 21210 17609 17848 28213 15570 22301 11244 16630 25018 2237 2321 6444 3862 26850 11635 29338 22911 10072 16245 25497 13473 30338 13711 3604 23358 10582 22091 8842 24873 6236 15944 26896 10827 13235 22327 15949 26529 13 24800 2684 9788 3501 27421 18285 14911 1135 22749 2435 20708 6848 23843 27319 26488 7074 260 9620 20058 24745 6060 30521 9727 23297 19801 15706 24305 2661 8542 23358 17099 31273 23842 20162 25918 22064 9758 9300 13071 20470 26850 30457 25367 12424 28176 31815 2113 20358 19295 30060 31119 7208 26265 14373 28693 4406 31645 10439 27644 15886 6494 16441 17280 18081 6370 3063 7410 23926 11331 9489 28343 18854 21937 15402 2887 24798 27246 4985 2350 4191 4816 30923 22542 19969 16706 22399 15770 11564 17476 9096 18845 18909 14182 25198 25073 22439 2384 13389 16264 7087 30141 16852 26726 26286 6011 19271 15268 9970 19052 8829 25198 20574 18824 
13601 23769 31150 29197 21363 20999 14871 2996 23063 8612 10467 22473 25137 12529 12250 14733 8891 28145 17536 28039 4029 1978 20878 24968 20468 724 17336 8735 13924 0 30710 347 13855 6112 25838 28277 13884 1018 24623 920 2091 12972 1732 16570 20394 7516 18333 20019 5210 20694 30094 26561 11458 31049 15183 25989 20556 23623 6268 14596 4421 21960 26518 27174 21471 24102 25599 9016 24625 2593 7680 7917 21300 476 31428 14167 9414 3293 18013 24561 9386 3087 7102 10392 133 30402 28862 13452 15074 26280 7962 18034 14126 2265 19570 14932 11706 8399 1353 1438 12734 5225 9480 13345 12628 23787 26619 28947 29304 5626 25937 1035 7181 26787 3103 16904 9178 9812 8285 10346 24711 11745 18150 17654 1700 127 31866 17622 6561 13002 7102 27541 213 30914 20025 7205 30074 8904 9304 18907 6062 4517 106 3441 20595 17794 8099 4098 28591 23279 7452 6672 7468 2016 26831 3456 21143 5546 21407 25243 28035 27912 845 13325 9061 5659 29314 11497 31640 9828 1483 6050 25690 21964 26518 21778 7629 30107 12089 25973 16374 28803 16363 24430 17343 19093 24007 29439 30455 8521 10191 27796 2127 11129 4582 12792 29278 15461 27347 16220 
1185 8654 24337 20623 18406 23956 9288 31937 29480 20444 28304 12731 20242 19293 31211 11943 30394 18130 17744 14173 598 24503 2840 4166 4845 31736 13967 31438 3613 30710 0 17949 24512 21757 18964 40 8955 13183 25137 1606 1193 23755 11837 14111 30815 21186 8903 29522 15911 5692 30677 8302 19071 9988 11996 7417 23385 3288 202 20331 28442 19307 27134 9009 18334 28260 13132 31916 25648 863 23035 20017 3476 4329 10184 777 17407 10374 8419 2161 21530 23212 4079 20633 18437 15559 4 21158 27216 24628 15535 1201 19457 24136 22510 22727 15251 20297 9270 20201 19187 19825 12654 24587 20355 29936 22003 3351 24344 26344 11156 20458 21245 17265 2453 12371 17648 11413 2734 12057 4642 18002 3338 20979 21818 14749 12107 9103 29264 11866 21378 10894 3571 20071 7993 29316 1829 18577 29292 3834 1627 19098 31113 2413 29056 1851 7797 29518 30705 11550 2183 26114 1664 29409 9613 29666 17524 5144 9924 14137 10372 16969 31458 17995 24801 15600 23054 16202 25899 16250 14051 16224 27256 2636 18291 26027 26963 22971 2112 22073 7608 29970 12354 13330 282 8850 16358 9260 20575 9323 29962 19830 4577 17605 21508 23504 877 20412 7835 31247 
23483 19940 7677 15572 10819 30558 13928 1961 25168 31900 8596 14958 19633 3726 25705 28725 29306 6862 12212 231 13920 2466 2366 19031 4785 8706 27100 28218 27506 347 17949 0 30647 15349 10956 15439 9091 7716 29814 9769 9039 21341 11838 30331 14439 18796 6227 948 27742 29155 16680 7944 5896 19994 1397 12144 20350 25387 1076 8872 1054 17907 10917 27953 24456 4629 12619 5709 25507 27126 6381 8967 21655 1475 10902 11049 16850 6247 31382 19781 1540 26518 27520 13485 16675 17862 9515 4987 25705 2354 6067 9611 10578 4566 373 13181 3744 19575 26135 4021 24151 12953 7551 4956 13250 16774 15320 9309 26988 1615 10641 12905 11817 4547 5213 14068 28684 1147 29237 13622 29039 1487 3411 14891 14831 18142 26934 23701 6510 2186 25505 16374 11024 3195 7324 3735 21823 9240 31090 31109 18856 10898 14003 18320 572 1242 19760 15691 15921 7847 2562 12047 4351 28786 31108 30712 19813 634 598 1511 6754 22464 16729 16768 24125 3853 11701 11306 21374 16872 215 18451 30451 8098 15468 10026 5806 22603 13161 24355 16386 11963 31491 6263 21642 26251 31160 31074 31523 22041 23365 16613 10477 22408 5806 11203 5454 20927 26682 1668 
28696 1565 11550 23372 4435 25914 22013 25622 25079 2677 6522 20476 29116 16791 8223 3973 10267 487 10352 22717 13707 370 13652 30979 3557 24914 31824 9948 17164 13855 24512 30647 0 6992 24322 23700 20779 26761 12334 17611 24065 4469 22831 334 11271 20986 25808 18989 6644 9685 19762 5198 30928 12435 31689 31083 5371 19609 21085 21263 7719 2077 7946 8861 16218 7210 8768 7497 5613 30880 4548 11293 11151 17457 4781 26869 578 19812 15464 9347 2140 7318 7092 22348 8583 25844 10662 13992 9154 5762 21669 8902 21598 17943 111 12197 28161 17758 30482 9500 7589 5078 1779 30930 31130 24275 23499 23110 6528 4218 9637 9161 30029 14281 30689 24703 2381 8333 25652 21857 12829 16745 26021 29245 19118 18389 27793 23988 7496 4636 23463 27707 24708 11357 2028 10523 18001 22923 12985 19056 27120 4205 6328 16429 24311 28574 24554 10263 10321 21901 10660 20677 14396 18558 140 16294 30282 1415 24992 10234 16224 29844 17712 28119 22970 15716 3295 12070 1765 11401 3238 12708 28354 17771 3536 29153 14986 16197 18687 9027 30404 550 27685 8452 11856 9201 6027 48 21088 29022 21710 936 20345 27382 11228 8737 374 16155 3579 1573 
11071 17710 21554 23455 25606 19717 15707 2170 11652 3905 20416 26400 29449 2223 25132 15960 12844 5767 18675 9616 13066 29679 15708 23498 8790 25446 24257 30669 1975 6112 21757 15349 6992 0 6214 15102 25761 11141 15620 698 4679 8363 18731 18634 6479 29915 21527 12516 20391 26654 12489 20450 18147 11933 26596 15040 17976 29610 17330 31392 20609 26039 16670 7111 9277 10076 7098 6304 13710 21076 17594 27575 14138 895 27638 4031 5293 17888 31210 27275 28404 10910 4792 27415 11201 13318 3364 29055 23917 24967 405 23301 23280 12211 15897 31758 12521 3907 20320 10532 9371 27411 30655 10228 14061 12576 14382 15952 9320 15760 17481 11310 24379 27817 4433 10406 6969 6103 18219 25846 15320 2474 20318 4735 26163 3284 18712 20680 30728 25390 3881 17785 2745 20146 12804 2657 26446 1409 964 12400 8560 13533 2340 18619 30318 3375 1412 23422 27450 12289 29162 27412 14187 16131 3069 29695 19260 21257 15115 27877 21898 522 11779 18064 15833 21282 18042 26860 9294 21391 9384 15372 25013 1206 7786 7204 4219 23582 17729 24463 30643 21875 26193 23753 10517 23939 2658 24180 24569 24131 27105 11350 8031 15305 2015 1368 6633 20818 4367 8840 
22845 24491 20947 17547 30139 6938 25548 10739 12749 31833 20209 17822 15287 23220 10115 29534 31463 13775 23222 12576 13432 29508 3796 31337 6413 24883 21993 29776 24095 25838 18964 10956 24322 6214 0 15364 16928 9117 16517 27308 23705 14393 4965 2360 21300 28728 18245 22547 31865 10399 10758 2396 22052 6183 9406 8935 31013 23358 17593 5690 10401 29700 15221 12689 16368 17488 22691 10460 17567 3499 4906 4030 23149 29010 31268 22926 18768 31798 19681 25176 30575 6141 24546 25306 29223 2816 12765 30345 25864 1100 23741 7819 8150 4771 9376 13756 4235 10106 26073 684 18770 5883 10734 9629 907 5378 4761 10119 4299 14370 26057 28181 27099 31135 5023 18343 11958 14451 8563 23632 6029 11595 16078 15576 964 30344 15472 22201 28916 6976 3145 34 2537 30269 16002 26105 2980 21499 3443 9939 23896 22444 19372 13564 3438 3381 30190 27507 16258 23088 10800 2797 17509 4841 8605 10959 2843 24419 15507 20022 8412 22098 31907 22512 14869 26657 2709 3458 11367 27371 9315 4386 27556 6020 13626 27323 5591 879 18046 2798 24122 10726 1477 13838 10303 26839 15321 7969 27786 996 23481 21220 20723 5472 30358 18116 5766 9046 16856 19687 
