200 10
0 9894 23781 10795 16348 31149 27144 11455 2311 22994 17770 9829 21223 10802 22153 29538 25827 443 31291 10703 29372 10288 679 1946 9602 7209 10313 388 4765 2576 8690 15649 17605 20261 4805 5850 15369 635 4155 5614 25804 24568 8736 30060 9155 25433 17044 10811 18168 13099 24074 19986 6090 9939 21324 14208 18666 18823 28788 26597 2143 23122 30964 6774 27267 18708 8847 12861 1283 13951 3934 19478 19939 29723 22220 13747 15480 3394 2202 27288 12651 12836 6875 8224 700 20420 31736 13174 29373 1017 4781 15261 16914 5998 10506 104 6071 3234 1907 29826 4090 5097 24480 19047 14717 4457 24221 22888 6197 6685 7627 12971 7277 29653 9693 5417 11203 7731 29916 28846 7721 15791 291 28380 15078 13204 9315 25640 16018 3841 13984 22746 21789 4073 31794 2321 8137 10771 12740 23485 11307 1306 31320 29859 46 29550 30529 9565 3599 1873 13863 27223 15713 29146 13319 31954 26634 10741 25392 17380 23108 18528 11079 21622 20381 8879 23875 31300 30200 14666 17777 13537 28809 17258 7281 11952 20956 10527 3383 18668 7887 844 13578 6305 19347 7080 9864 23983 17583 28607 24737 5326 25340 13295 23191 24453 29866 17516 30724 7985 
9894 0 13997 20698 23110 27718 29193 24071 18447 29660 17980 4296 21804 29694 12839 11478 16910 21176 28749 30223 1996 27961 31193 11636 21792 8404 149 1323 7529 15361 26099 11390 937 4188 22023 20441 26247 24740 11402 5583 26189 29373 216 6420 21994 941 8945 29058 17392 16801 8569 14103 30614 24807 16571 28661 30390 3316 929 10335 31950 25183 8124 23233 1026 1763 3138 1959 13847 2912 29449 7620 1144 985 17039 3819 4147 30838 6388 16664 14588 29826 20478 6759 6696 29805 787 29210 1201 29129 31296 9623 1335 24656 18487 102 24828 11739 11339 19253 7910 16235 9334 20182 29312 30499 26451 18494 22264 13386 27170 28295 30496 18252 22473 30191 16240 953 5840 3285 20225 11843 17252 21185 1683 3779 15188 27996 30343 24115 4629 30322 30436 22708 5057 1270 4692 11912 18450 8445 2343 2584 29290 21952 23118 4078 4557 10397 17247 24251 21732 4886 13462 5457 12795 3023 22993 16552 20227 915 7571 28891 5007 25166 7425 12331 6617 4883 13286 31226 15037 27671 30385 20432 2748 19634 14452 9305 20729 1379 31717 25699 6462 24012 2912 31971 7926 9137 23267 20975 23603 4860 10511 16068 2473 25786 24876 7105 4016 21022 
23781 13997 0 31712 2948 6946 19736 20695 30982 25978 9720 27344 19517 30877 4469 26187 27206 420 26885 16251 25200 1886 12371 21063 25152 31050 828 24650 15215 12192 8659 3540 24040 22087 28767 22760 24780 2014 30553 11837 31088 13749 23920 20799 1116 15570 27271 28174 29515 22254 3508 4987 27439 9079 20032 10768 10540 7823 24748 1543 2970 10761 6055 21839 5382 2672 24859 12685 26927 24833 22559 3606 21258 15022 13060 16631 14528 31515 18762 2287 9389 29090 6569 31601 16993 19025 15883 8101 24993 5097 30607 19813 29540 15582 11141 19266 3288 7259 22390 15487 23388 25405 9755 10002 15493 11797 23138 28840 9756 28712 24943 26527 12828 2928 18071 14091 7862 13723 13924 27060 18510 4873 405 29460 12925 8655 5917 9820 31759 17848 3361 13166 28164 17729 6140 13025 27793 18074 4157 7425 798 21161 27813 18894 21831 21768 20011 30459 14045 7172 28154 17647 5092 21151 12143 12485 31124 3980 4381 7500 8794 16439 13771 19721 23254 15804 25715 26675 8157 15853 2114 30388 1654 22862 9372 25388 18398 3610 26391 30703 17542 13374 8573 25860 30738 3930 15820 14886 2137 15557 20536 26308 12394 17032 3621 17154 22659 1632 18479 952 
10795 20698 31712 0 30973 27424 24151 29473 6626 11948 23070 1101 26815 30839 13844 20727 28802 5985 10985 15488 24348 13771 7503 3021 3716 29084 6911 27462 31668 21312 23221 31449 23464 18341 16944 16117 867 10558 23092 9103 28138 14848 23177 545 20039 10600 9210 7079 29832 3700 15703 7841 25278 26534 23668 8469 16640 9990 24617 9099 24679 7453 20561 4367 16656 2811 24012 15412 2333 6451 25981 25868 1973 23259 27981 13874 14336 20621 10023 16065 16685 24425 26619 31578 28781 23058 14781 22051 16886 31405 18020 7620 21762 26854 26347 2921 30670 13291 8276 17092 9372 21104 6817 21768 30130 11179 11482 15087 15705 2902 22284 21686 27360 10160 17732 28701 8856 9341 18840 17768 10454 3330 25120 29026 28917 21514 14581 1109 7506 23781 7738 27156 27982 28517 3600 2803 22609 16608 11681 10186 30146 27442 19991 29942 3857 30905 27043 5208 3502 23383 9847 1620 3344 27764 19917 15316 20144 29435 23263 4933 17164 8281 28397 19606 166 2690 22331 6972 17410 13548 2577 5169 31660 4242 9146 14832 16177 28659 28550 31099 18722 7186 25802 11607 1557 14709 8411 4492 1444 24615 26391 20391 1645 4790 12253 440 27921 13622 5009 8276 
16348 23110 2948 30973 0 31745 7696 15382 22169 22940 13032 11176 4432 7128 9797 10116 29840 21742 18551 11888 9203 12717 16351 20674 1830 26485 757 13157 23529 17980 21826 2523 14608 10637 22118 6454 31877 388 28691 15133 24644 19667 25103 23245 26717 9407 15414 29973 28405 11044 24181 7001 8516 6508 464 26512 30360 14236 9821 5189 17745 25159 10310 24217 10979 2713 12491 9279 6871 10829 15422 18558 22729 21942 6660 18739 363 12986 26266 13004 30080 29394 6798 9038 30690 25099 29313 19023 5501 22536 3371 27644 10322 16637 19031 24085 25460 6837 26851 2028 19725 29069 29889 23657 14426 27767 19704 27656 19371 15863 8355 21209 868 10793 28400 15998 9726 2489 4899 28209 21254 17385 11408 14524 31260 22414 13988 126 24053 21011 31197 14700 4442 21108 6092 28429 29734 3140 30234 15997 17740 16040 23680 20587 2766 17241 22989 25883 7623 677 21220 20068 11618 28782 31931 27827 14560 8490 25181 14342 4757 11233 23529 13297 23019 16946 6032 30876 2654 10062 4250 13762 25470 11515 6242 9139 1776 14738 20565 4691 22381 17664 12278 24602 6593 22729 30941 1554 22221 4864 18611 731 29573 7504 1847 27817 9458 14583 27709 28996 
31149 27718 6946 27424 31745 0 15661 11662 8903 19735 12786 27644 27549 2080 31840 27144 4709 6339 11615 4579 2423 14180 25405 8867 25237 29771 25002 15427 20191 15779 700 22176 4831 21374 13292 17533 3197 22222 2069 12415 13835 16492 8827 8240 9785 24852 17856 28927 2592 26469 19951 24892 10298 23013 12404 1055 25447 6650 31009 16833 15081 24048 22058 26144 16742 16376 2344 5406 10476 11302 27160 17537 14823 26993 30299 19956 22828 8118 16054 24579 2032 17844 27219 1825 22480 13840 17086 8612 713 8273 9447 28358 19776 3811 2597 2981 9211 25623 1327 24898 1061 25376 16932 17029 1868 9238 3203 20790 24677 5878 16434 4100 25029 2462 23418 21377 28968 8661 29448 21538 5037 24640 14317 8002 24278 9068 28317 6687 4236 7113 243 2010 28952 22444 25385 890 28970 17227 13539 744 5332 8132 8996 21490 29582 2325 30550 9548 19763 29476 7493 29833 28417 13751 3618 9765 18587 29819 25220 27262 23818 14848 21089 22740 20150 24506 10521 23119 22128 8961 19306 13817 18794 4880 15739 2750 5692 7432 6612 20338 16864 2285 5219 23498 28853 29606 31352 23648 24703 24064 15304 22706 25956 6827 21868 13090 28655 21562 26337 9718 
27144 29193 19736 24151 7696 15661 0 5885 23556 25553 6697 22623 29217 12058 21847 19854 13348 1038 16512 13669 10163 8835 17155 4657 22376 4288 18743 9909 21204 4736 16739 31014 10360 12019 7109 22061 26060 12478 18317 17641 9018 8952 15329 4844 28449 20781 27608 19259 26068 19805 21120 16977 8090 26364 26331 2587 13230 13297 10204 29178 16702 1945 4204 6342 26221 30146 8297 20167 18003 24242 22946 13243 762 23072 17118 8661 15713 17976 24277 14010 8571 16793 14387 21380 21550 11863 21914 7362 1366 12027 17822 29043 23233 10624 5577 15 2866 17494 21143 10368 16480 26977 4984 6691 12790 17912 26066 16074 5011 17640 25854 18107 6857 6001 10312 8880 544 11333 17906 982 785 14478 23600 23504 22797 12774 2858 26035 18294 20063 27647 6665 3490 2682 10430 11985 27101 7474 24172 9083 10342 1776 14339 13549 2926 1430 22895 25475 23070 6774 28306 29448 25488 2649 9535 26560 29395 22395 10048 2400 22505 19852 9809 23058 25034 29359 21284 11124 25696 5755 25437 1687 13706 16382 3733 14338 10779 17079 2137 21165 7130 12186 3114 10760 25474 22542 21628 20212 25025 21487 9145 7111 29499 30862 13629 9547 31110 25005 19546 18109 
11455 24071 20695 29473 15382 11662 5885 0 21321 7167 31030 11523 10520 16340 24940 3096 21596 14425 27952 118 29625 15121 8390 1538 12179 18627 1079 24805 13334 11643 11343 9869 15663 31367 15006 11178 4241 5499 22392 5683 30642 8238 14326 20831 20940 4284 6132 6574 31709 8835 15633 27358 26024 23591 31155 6135 1458 4750 11521 12353 22087 23013 14056 5961 26484 7579 2583 29408 19723 2146 7428 15644 9379 4913 29414 12118 5526 581 7865 20780 20738 24348 12606 30077 6089 1914 19961 14961 11153 5477 8754 879 24006 29737 24309 31781 3220 23894 18451 10116 5871 19645 9504 16834 27532 3192 18292 23384 2278 11232 4139 19714 26682 2965 24870 14275 7820 20091 12808 2015 15265 26807 30778 28383 25091 5815 16104 29330 15873 22312 4611 23303 685 31999 2622 15253 27101 9074 18961 28628 17196 10236 954 9377 23543 14686 26424 17951 5217 20121 15696 5298 19792 10741 19593 4867 31342 21246 27440 4607 6442 8835 31061 10968 10165 13206 24780 16900 14087 28559 5422 1850 24280 3594 4311 27769 17320 1509 23270 15106 4280 8004 2625 30809 30735 27278 13199 328 16759 18031 316 27613 12927 21460 7802 11112 8311 1266 17980 27775 
2311 18447 30982 6626 22169 8903 23556 21321 0 22460 29933 16160 6694 21327 22 2853 11946 7409 29278 1447 21612 29202 3322 18688 31565 3702 12276 25822 18175 4406 30761 22595 2314 5309 13897 5253 17352 8908 25306 30541 13162 14199 13108 23708 16113 16677 1926 2497 1077 8339 28879 13156 19426 9681 15590 2430 7029 5699 24179 9566 8259 9890 1267 6310 15986 248 1976 24907 3581 15271 29926 30105 20916 25955 5239 15148 2362 31794 20535 1784 22789 28787 20936 8257 9569 9428 28063 17315 30573 26714 12037 8203 6172 2141 19479 20668 29238 13705 13510 26955 13140 7902 1751 27811 11751 23728 4324 20481 27441 679 21849 30713 11081 2752 3448 16751 22043 26442 6741 29342 4198 746 5850 19733 9916 11160 19396 31668 8069 11679 14499 9395 12029 16800 2782 21659 15665 5519 8365 5707 25349 17332 3869 23284 27953 24235 6415 4637 22847 26724 13624 4512 21902 21796 3618 10154 17490 2946 31018 5311 14481 24171 2944 2228 30248 7966 31018 9650 30659 1328 15360 825 26088 15752 28593 9498 7405 27236 27837 1916 9981 8274 14712 4824 17687 23863 3341 9469 26894 7500 20345 3596 14474 17180 8843 3453 1797 11399 20458 21784 
22994 29660 25978 11948 22940 19735 25553 7167 22460 0 27400 10526 147 6151 9293 888 16492 3595 3304 6034 25195 4876 9538 23696 1611 6975 26600 2103 15596 21373 19596 31986 7505 10049 16132 26575 12194 13484 10312 9601 31017 22659 26743 19295 31832 11054 24530 12387 12993 30650 25279 24107 3355 19926 17094 8185 30274 27865 18581 28853 23606 21945 14846 4841 7705 16148 21494 29379 5429 6953 20631 18197 6131 5342 24862 29527 29667 4795 13293 8098 30393 13293 27529 9142 25165 21315 11675 6388 29338 1842 4337 20066 24766 6355 10621 20909 23807 4835 2132 26145 5314 13761 12975 3506 10644 114 11756 31222 15653 9375 29581 10023 26695 5523 54 15140 16626 31041 15282 8303 20801 14907 5869 29743 9077 28603 28922 6190 13808 30109 12045 6875 1850 23906 9345 19528 2558 28973 9426 14379 11789 14792 31394 8160 23896 29342 28855 101 31737 7105 17914 3931 26666 25061 13177 15882 30538 14689 27748 14684 31710 17972 9234 25567 17036 27389 31740 24262 3873 17920 7871 1000 8075 11047 8733 24510 11999 10749 7932 18024 28498 3507 9572 15272 4930 22302 16259 484 15150 18613 29100 4390 3512 22422 15698 8222 8873 14210 6160 7710 
17770 17980 9720 23070 13032 12786 6697 31030 29933 27400 0 22811 3590 11744 11744 14842 23513 9889 24198 17202 16631 17627 3174 30543 31722 31860 17699 18 14063 25990 1300 7279 29431 13920 8005 14479 8104 18052 20341 24269 859 5289 13334 15803 18973 15033 18514 8732 2225 31186 27906 31209 10890 14150 26039 23887 1747 28829 21939 31917 20072 20623 17134 12951 7644 7436 5651 29144 26739 15670 6018 23145 4135 16228 29262 10109 19109 20511 14911 13687 15438 16422 22991 2031 25400 363 10030 15795 9773 9237 21055 8130 17833 24446 29594 4688 27358 3892 1675 7623 8625 9978 23823 27586 20412 17606 15067 19729 17996 10178 14935 11706 13154 11597 23452 7668 10163 22265 1148 20268 5801 19085 29049 6657 21346 19458 20682 28490 6574 17287 10075 27917 31764 14975 23755 19591 31691 23423 16749 26664 29635 30035 586 16789 9371 30712 11291 30119 11178 29857 13393 19305 3832 8372 27919 9500 12611 19660 4396 2355 23293 29622 12852 8025 14154 12661 19813 13160 19973 15680 16308 12913 4026 30081 17863 10937 18090 23766 507 19384 10444 5138 28765 26906 17864 23099 31666 30656 5628 7051 26737 4286 27513 22896 24006 25947 1797 17037 25999 22294 
9829 4296 27344 1101 11176 27644 22623 11523 16160 10526 22811 0 12151 9291 22410 29212 29505 1388 27438 14899 1867 25480 105 21524 9123 30079 25548 26850 29661 6197 23403 19138 4367 19346 3807 29150 28628 17536 3396 2147 331 23281 21308 21892 3862 5591 19179 22645 22107 7978 17147 13169 455 20454 29846 12726 6791 11531 2415 19076 7502 24221 2490 8482 27475 16034 28208 31706 22096 18984 8205 22010 5253 11581 25618 19154 17332 14838 30084 9401 29220 28265 29740 21512 6303 29876 27222 30749 4468 8181 19667 22874 10102 26192 30712 26149 4092 29421 14493 15335 25824 5879 15648 7694 13185 18079 9313 30988 26562 11032 29124 27478 24842 4250 7218 13927 25410 27744 30233 17595 8155 26027 19304 12245 11462 18110 18069 14138 4219 1504 664 18036 13812 16222 31726 29201 30127 16774 10392 31395 5552 174 22298 18879 14974 5932 19581 28414 31778 20060 12878 11263 23852 7071 7326 25188 17582 5975 2561 10449 1856 2285 24719 13810 24059 24011 30439 28531 30079 13667 2856 26374 24302 20263 15607 21601 5615 7311 8829 6974 31405 12824 13158 17754 25558 21312 21732 3703 2462 27788 22187 21083 3002 5762 28659 8656 30566 3248 17786 11682 
21223 21804 19517 26815 4432 27549 29217 10520 6694 147 3590 12151 0 31888 13528 16530 9123 20987 6197 12157 14539 26219 217 6633 11584 26142 17272 28768 193 19815 19543 31868 16798 26796 5716 21744 6334 23144 10973 24704 14234 5417 10999 23556 26432 22675 17977 21609 1361 16475 16590 10672 29954 12877 28023 3053 15646 26439 13958 31560 26371 28219 4579 21503 6560 9777 2571 14690 1149 15170 15116 9429 27571 12958 21897 24529 11759 24198 7100 3299 12147 26450 23407 5548 27669 17772 2 15583 29757 16723 30568 6214 26347 30361 21289 2749 29871 22244 10849 18996 25263 8433 10431 25265 1956 25484 3720 12364 17885 2457 10897 23601 7482 16911 24648 26785 5682 6903 10155 10225 19917 26992 1102 14729 30122 24238 3673 5606 20731 30198 28552 664 12675 932 26921 6212 31391 8997 18465 17059 10810 19453 27368 16513 17366 17858 18312 8383 25994 10270 24481 16978 16126 23248 19560 23105 3697 7852 13731 28074 9139 31638 21678 21693 25387 22667 30585 14271 17874 25496 135 4616 20533 9185 22512 12037 7799 27291 2400 12343 22604 25873 8982 1842 16383 3491 19941 29343 9069 11202 17462 4154 25096 24565 20228 16084 29397 7639 19422 15441 
10802 29694 30877 30839 7128 2080 12058 16340 21327 6151 11744 9291 31888 0 2698 20862 11648 19404 16437 11706 25508 26164 20709 11579 11297 19161 23932 523 28683 21688 25024 29082 31836 31538 13404 26297 29421 21004 988 23713 20608 880 22195 27371 27065 20457 5943 17816 28959 7530 31650 14089 28958 24390 9233 9735 20231 11832 31112 4796 18445 13147 20203 5814 29768 14130 17926 25834 18869 7072 24197 20397 4914 22767 29434 15547 29573 2508 14556 11827 29014 22087 14981 16279 25903 3799 24627 10448 1409 4435 27911 14375 23200 23288 31752 22603 21445 2153 1567 4177 12810 17321 21274 30638 4465 23585 5293 20029 26076 14240 18539 24894 1812 21076 20432 8276 6341 18388 24889 3717 8831 18969 4329 19260 950 10111 17669 5449 28866 17608 18327 15326 1246 9752 14222 12435 9259 25336 3770 30818 6573 13653 7891 15018 1355 26497 6002 12079 24274 26160 21 11543 498 13435 14366 9453 5694 27616 31955 8352 10031 18494 26207 17283 6176 6364 25038 19789 9298 18018 14867 5914 25064 22748 4612 4199 17642 28349 25691 17689 5701 17113 4022 23925 30408 9833 16022 6951 27432 1802 611 21311 18940 26812 15205 46 17600 29158 11723 10700 
22153 12839 4469 13844 9797 31840 21847 24940 22 9293 11744 22410 13528 2698 0 25116 31104 30993 12 26643 26056 31548 7980 19218 13562 27195 5610 11054 15963 18400 31491 10868 8097 6126 12714 27873 13306 23839 20868 7786 7427 9505 16043 24820 14803 29586 6828 25690 12271 23049 18315 21612 25173 25358 28092 24300 31348 8479 30249 13969 25135 8875 3377 3333 17375 31512 6564 5609 3408 17854 19402 2509 27073 5867 5979 8251 20710 2015 10886 5547 29160 13264 31213 9614 17761 15077 16549 4165 354 15420 28984 5416 7278 22758 19108 30082 21374 14055 18010 31377 9981 30777 9282 27016 20939 18888 25012 3215 22589 20853 17790 10687 31769 15636 20707 4649 17819 14704 19352 4813 30580 30020 15814 31397 8392 10049 28684 9114 2093 31757 29052 23179 15025 12608 4508 31306 3027 30567 23140 23712 2438 4098 9540 23111 2098 12167 796 20717 7348 6239 18500 8245 8028 2278 4740 9911 10476 16749 14107 18429 5534 2617 21690 27013 540 9347 19079 29380 19334 22904 14364 19743 6257 29752 135 24817 18149 16856 17482 7818 348 3682 27994 28460 10696 10194 9762 18958 27531 24857 21375 8027 13694 4635 9923 24881 12525 2995 2996 3236 
29538 11478 26187 20727 10116 27144 19854 3096 2853 888 14842 29212 16530 20862 25116 0 25846 29529 18585 13857 3633 24837 30217 21527 721 27138 28688 7040 28812 2756 10947 9969 22103 16515 24445 8389 29294 7740 7130 14875 21585 14255 11451 12499 20674 12383 12357 18837 2761 12950 3299 21963 26544 29278 28225 12451 9224 13194 21583 15375 14499 15020 325 26310 28569 23581 31898 11329 24133 30202 10252 3007 24389 28706 7836 4418 7038 15417 19599 21136 278 21161 26991 29236 18809 15261 29961 7291 31830 1541 14958 377 27040 18325 18931 24066 10639 10438 1329 434 7324 21205 4102 14055 28297 448 23699 24002 7256 28493 11069 23851 24400 28163 31662 9674 18428 20784 9426 12048 10540 30178 14811 44 8435 18671 8765 9239 6312 15086 2739 13706 16870 18748 26682 22019 7309 31481 1041 13253 27327 25609 24768 982 17124 7957 23311 1279 31400 19848 4619 720 15353 9107 27142 20378 28683 22058 7828 19828 21588 11525 10128 25144 26769 28833 19989 900 31423 31805 9862 10170 9252 12767 2696 22528 16453 30541 7939 10050 31726 18453 21541 11308 20270 8327 25952 3378 29784 2486 22120 29833 30468 5755 29495 8747 11021 25459 22025 20696 
25827 16910 27206 28802 29840 4709 13348 21596 11946 16492 23513 29505 9123 11648 31104 25846 0 4532 1042 29420 13300 1488 15903 13515 26275 31063 29618 18477 8915 881 6933 30179 28216 23060 5093 14992 19673 30224 13846 15787 11283 31492 19436 23934 27541 16486 4611 11305 25444 19328 12617 26272 22488 22637 19199 1704 669 21535 28603 10973 2483 23644 9576 11951 2927 17083 23364 7008 5495 2476 31712 11016 10185 24942 24868 19345 13493 14102 21576 7867 8414 8078 5084 28953 16444 25491 19136 19473 23581 1462 7980 24800 12319 11612 8362 6803 25655 16062 21527 3855 7085 19433 13221 2826 24606 6846 9691 3087 14712 7923 1683 16509 6401 784 8443 3464 25168 8050 13717 823 29010 844 29751 25956 4422 26785 1290 12735 30401 17995 29583 3531 22443 15094 20373 21215 20544 7205 3908 5158 29199 27948 6933 3231 17406 27444 20695 11806 14660 315 940 7752 14957 17681 27913 12443 8793 3163 18362 27747 15165 20883 13531 4038 17568 19461 19167 185 27999 24020 5517 23560 22954 8179 3326 30033 7428 22060 7840 19977 14919 284 10805 6262 11421 17973 469 14259 23432 2746 25575 17840 9946 22726 3372 3374 22461 30533 7604 1734 
443 21176 420 5985 21742 6339 1038 14425 7409 3595 9889 1388 20987 19404 30993 29529 4532 0 11796 24977 28556 3510 6370 10912 31845 18494 30494 23471 12736 6967 31898 20009 14211 13534 4814 20382 29750 17301 21971 10944 3333 27872 10600 8552 21441 21355 8432 28560 25055 4353 3697 20825 1654 13973 31126 29701 17219 21819 11948 2044 24231 29999 9895 11211 21670 7116 7196 1055 23017 16276 583 9933 24252 23085 1286 10700 3855 23649 3035 6711 18808 12572 14061 31823 12589 14961 25094 22390 7181 22420 9365 9268 7064 25056 18604 21812 31217 11473 23041 23878 17121 777 7408 9822 12758 10574 2934 4498 16607 24969 23351 31263 9648 26567 888 15972 19363 28474 10275 10979 23731 10296 12745 3142 15234 14138 16026 9814 851 16605 10349 14852 2064 24803 446 612 22852 12338 5546 11947 17696 15314 27379 28215 19577 4337 18177 27271 11974 12513 8670 17469 24870 7448 12087 5666 6743 19246 24161 29217 16574 12513 23120 27977 31844 14355 1697 4302 12534 18377 31120 23047 29123 16684 5121 19568 6593 31883 23929 23720 12424 21078 10277 31859 595 3875 29393 6840 3589 30379 1009 6019 4384 21196 19354 21251 463 23432 1160 10892 
31291 28749 26885 10985 18551 11615 16512 27952 29278 3304 24198 27438 6197 16437 12 18585 1042 11796 0 16739 1491 26266 12410 5490 25734 16463 18531 26765 8398 19510 3463 7341 16385 14433 14356 26494 29098 4761 10864 28004 2438 18521 25138 12146 28809 12240 1831 3698 17113 30945 22096 19938 12752 16164 15584 6642 5627 29924 16448 30089 26143 30752 3341 21056 17201 1676 27414 30819 26203 14223 20320 7157 13051 4420 18212 18346 10149 28796 1741 29164 26398 8376 24061 28888 15201 16689 18823 31296 2460 23761 24179 10665 22578 24121 22783 29772 22456 4795 5786 15895 21497 9311 4841 16811 15604 9696 28100 8798 9178 2478 28216 24632 15123 8684 30340 25591 22840 9840 4126 29452 30232 11976 23725 14493 11701 13617 11790 15491 14150 5791 27473 27724 28981 4026 10427 6968 24096 16349 4803 29502 7897 11288 31255 4102 29287 13868 22934 24045 17669 9619 17494 15110 6944 8567 29085 23573 7515 13240 16361 24212 6284 18665 10474 16304 30654 12369 19077 23627 20527 6379 26321 30458 20305 5224 24859 13573 18891 5930 15843 6252 13687 30025 8926 2270 10595 27536 22260 19905 24018 4990 18497 5935 12858 25415 790 27637 8517 16338 12791 16788 
10703 30223 16251 15488 11888 4579 13669 118 1447 6034 17202 14899 12157 11706 26643 13857 29420 24977 16739 0 19624 25212 28835 21771 30587 19328 25708 19291 25685 4724 26659 10346 15430 535 7452 3324 20835 20400 18347 1110 9411 8454 24107 1091 23170 31335 31993 27155 18623 22178 27766 1687 26783 4622 7690 1576 25160 28801 10524 2206 1767 11354 21532 5466 19116 23417 4474 7741 22217 2627 29612 31919 30583 9120 17709 31386 10226 1533 28026 18029 1657 29003 2324 30235 23888 7166 20866 4890 10431 6159 14413 1381 1297 26620 20226 9595 14998 31684 22068 13919 16546 10989 14200 25239 13453 12670 1384 16941 23730 15366 30882 20914 11889 24212 455 31543 16941 6845 10365 5714 24399 21402 11374 22816 30274 24520 28743 28735 9078 31336 2235 27856 9823 19485 10110 19068 28020 25105 13131 27756 5680 14833 14560 9808 23317 13806 28157 11610 11941 9659 14186 10048 9064 16530 7407 8511 30699 11055 21082 4883 7355 28372 14973 23553 8046 2116 23342 19407 16284 20425 26950 5831 26079 5936 17060 22712 9943 3784 27432 8437 14889 21608 6329 23892 2427 29542 8512 28465 8570 24225 3243 8042 15830 28793 2284 7010 17217 28882 27897 255 
29372 1996 25200 24348 9203 2423 10163 29625 21612 25195 16631 1867 14539 25508 26056 3633 13300 28556 1491 19624 0 3502 14580 3354 17850 27485 28008 4435 7985 27022 3990 30349 15515 13796 25332 7029 29497 3991 3345 24909 27491 18290 29835 18923 7556 17877 25113 24504 20248 436 25986 17586 8629 149 25763 10602 255 23701 6252 20486 11185 18276 1763 4672 13979 31556 3104 21092 1694 19726 21584 4182 19890 7468 25010 20874 6624 23968 1692 14601 16456 6907 24438 29299 28444 26471 26557 17399 10146 29341 25858 31836 13622 30703 28648 2043 15429 18239 29737 21955 12627 16134 12434 30003 22774 21070 12546 1123 19929 2232 22383 10748 30649 29303 22752 10810 5995 16466 14963 21745 13524 10405 20824 4485 13295 30304 18645 20464 17866 3847 7232 7616 28297 23216 5895 4374 2145 25096 22443 21671 13470 14670 21184 10943 28829 1622 18927 24121 3282 135 20980 21640 8388 28893 21152 433 8204 15079 1752 25933 19289 18378 29588 8076 14702 6972 31968 21293 20002 17545 20702 16519 17247 27282 28098 13186 8996 17865 10964 3230 18306 7478 10609 15083 24738 18804 24842 17679 28349 15028 7971 16452 17699 27833 30805 21334 1844 29402 24652 14761 
10288 27961 1886 13771 12717 14180 8835 15121 29202 4876 17627 25480 26219 26164 31548 24837 1488 3510 26266 25212 3502 0 3760 12298 19056 9061 20991 25860 23709 6293 9765 1366 16115 31492 28126 12486 1567 1575 12617 27387 23858 15961 2280 4738 5280 4567 10659 21705 2627 15812 25797 17957 15192 24614 10237 19662 16767 28390 29021 11489 19646 15058 25693 604 10621 27038 14296 16676 14987 1245 15372 15874 534 25099 23964 8864 5557 16517 9616 28815 10849 11918 12370 3394 3702 6219 14770 10771 9909 16838 5858 23612 29764 19693 13178 5086 6059 13203 6772 4861 16088 18284 27183 31104 15642 14356 25455 18484 31016 3336 23129 20168 31002 9642 16250 15826 22894 16192 7360 7623 20483 28405 5502 20229 12064 10197 26220 4812 24429 11987 27555 31039 26870 10693 6051 31079 27182 5733 28752 23598 7657 19025 9199 17767 21088 30986 27437 13251 30767 12536 10007 220 6489 21091 17953 23341 20545 8570 22818 21782 23730 13390 2645 21212 5335 470 5976 5797 25153 21228 23856 14207 21479 21582 21826 11609 3104 1949 3930 17671 17322 17248 12710 10561 21926 16896 1210 22947 13208 4812 24973 13996 25962 7413 18041 29378 5481 9617 16958 9260 
679 31193 12371 7503 16351 25405 17155 8390 3322 9538 3174 105 217 20709 7980 30217 15903 6370 12410 28835 14580 3760 0 18838 6957 31055 8206 23176 11854 22697 162 18145 3422 5079 17958 87 20125 22791 12309 13841 4928 8922 30430 24747 29296 9063 24036 14645 5194 21302 9342 13874 5086 28231 3062 5275 5938 28938 22412 20186 17214 7014 21106 10449 16880 26549 17359 8403 15400 8132 29887 30888 23738 16853 13903 15243 21360 6303 21122 11309 20231 10570 7760 21425 815 16245 26532 431 8077 26418 2651 15668 23483 28678 21834 22974 28996 27115 10294 26690 7083 10319 22747 15655 4706 15381 18408 27210 5333 31889 20991 19194 24926 1934 22712 29947 15952 12105 16284 18309 27375 5492 26924 23620 12660 5686 16345 5719 21771 20776 10762 4947 9174 11352 4892 14143 25833 18503 25947 10647 27214 3820 5644 20299 1280 9393 4196 21440 498 29810 18320 8907 13831 12163 13229 26042 30745 16041 18639 4685 9204 21533 764 21175 3673 25230 22319 8352 5118 8222 18519 11555 5003 98 21079 28626 27292 14948 30214 9903 451 19362 14639 18226 13445 28430 7568 4936 27738 9741 10716 1872 5295 11386 26298 25373 4581 1954 25029 12281 
1946 11636 21063 3021 20674 8867 4657 1538 18688 23696 30543 21524 6633 11579 19218 21527 13515 10912 5490 21771 3354 12298 18838 0 6871 18412 30380 15033 2265 10789 21331 23813 10542 11397 11016 3986 28027 15183 5007 15749 21544 3599 11381 9804 24417 8592 8710 19348 8471 16612 10069 82 12029 609 31032 22203 11915 16031 25673 14413 19455 8827 14567 19909 16472 7448 20788 4391 19290 26841 5910 16058 14734 4457 30007 25610 24128 24245 27653 22245 7296 28653 31924 13664 22562 10631 14392 26064 2751 13628 13132 8146 11186 3594 4719 23108 17693 28977 226 24650 26594 28728 13228 16970 12715 24294 27799 22770 17380 23625 30513 19246 20412 21172 10445 2099 4136 29881 23168 17528 17377 17204 30757 2232 15458 1089 29787 7410 20204 17985 19330 6762 23939 26842 962 24486 21487 5109 10757 7283 10172 12735 23289 16350 21819 169 15632 3388 26752 360 31360 2596 29795 759 20548 2672 6272 7313 31770 10816 30007 12472 20100 20728 17325 27186 7112 12606 15050 16903 16881 17149 8506 29573 11981 19558 17517 3645 21485 23531 408 24068 12969 19267 14003 2292 20506 15465 21626 28265 16670 7326 21101 18437 8536 8547 12752 3758 5679 19328 
9602 21792 25152 3716 1830 25237 22376 12179 31565 1611 31722 9123 11584 11297 13562 721 26275 31845 25734 30587 17850 19056 6957 6871 0 12246 4576 28311 1102 18712 28951 3619 435 18984 2648 18543 7463 31810 29537 2081 28306 8435 1990 7729 17586 24605 16877 21483 6424 24566 23571 25838 6441 13065 15941 31792 9758 23347 360 14839 20997 21158 27698 10976 25277 746 1327 20700 20221 16855 29116 9006 15949 24732 7438 1391 3083 8123 5164 19849 16744 11274 7665 18879 8552 10931 12811 13475 6629 12340 30974 15134 19596 17248 21025 31852 4574 23900 18335 4125 27184 27042 6776 28948 5547 17921 14717 7819 30285 16283 19031 30734 12518 6374 9089 24187 3868 939 18761 7176 4455 9226 30418 27197 26900 4979 6932 245 326 22446 19674 30817 26352 28372 24515 27908 27101 18003 21826 25016 1192 15086 24478 20136 23748 7867 25843 7763 22388 13090 31790 10895 1235 12004 28692 17027 8910 14354 15420 10156 10533 26385 3344 2776 15726 18845 16335 3886 14609 22978 26766 18980 9804 2532 19506 18055 16432 13752 23927 31607 30114 13384 17900 22631 26971 18675 23796 14625 27625 11371 12487 27584 1195 1717 31343 14004 25304 28460 12235 18881 
7209 8404 31050 29084 26485 29771 4288 18627 3702 6975 31860 30079 26142 19161 27195 27138 31063 18494 16463 19328 27485 9061 31055 18412 12246 0 12457 30659 28971 17143 19171 4980 8116 13432 30774 2669 26016 23767 18621 16708 13275 24379 16569 22576 27000 5998 24972 10253 26795 5855 10686 16222 2766 11680 3066 27461 7519 25703 29968 13451 28160 656 21748 22174 18292 31768 3260 20108 26023 4770 29861 20236 1957 11893 27405 18037 23201 31867 16249 23491 5359 25922 15247 29080 22536 1789 9755 9783 19339 13699 15630 19081 2873 2381 15225 28955 10744 19067 21396 25885 15056 1486 13500 10852 18415 29870 1392 31336 21927 6949 25426 21317 25198 9952 28459 25276 26332 2612 15845 6193 21935 27157 23441 5549 7113 12319 21602 15325 7470 29329 11183 10000 15114 3915 23540 10556 20648 4310 24529 20472 13179 17243 10504 25730 12312 11946 8321 26809 4152 4147 11336 6691 5305 24079 11403 26855 30877 20470 30880 3282 30472 20553 26621 26453 16197 2057 17981 9348 30657 21213 22816 7447 18956 20751 25482 26731 20702 21902 8833 23681 9998 28395 18226 1277 23452 26463 1516 8999 167 16834 1058 14827 5750 14741 25708 1244 8306 17912 18822 29227 
10313 149 828 6911 757 25002 18743 1079 12276 26600 17699 25548 17272 23932 5610 28688 29618 30494 18531 25708 28008 20991 8206 30380 4576 12457 0 12227 15511 30935 3160 16506 19388 30756 28528 33 26443 17215 22526 3712 21703 11464 6430 12944 14696 11156 26018 21633 7448 22442 23567 180 26487 27976 29854 23488 26841 18908 4156 14959 20037 26893 26252 2495 10102 28082 8418 22500 25563 7127 15432 23874 23448 21181 8570 28021 17285 7897 5611 843 13100 9425 16832 12742 9421 12420 13010 14620 29275 12033 21422 29880 24190 11916 29846 26425 2192 24222 18559 12656 27810 5604 24339 5476 30071 17213 12462 30287 26501 702 4707 24992 27129 2223 15350 31992 2481 12429 19168 6191 11586 30472 15440 6991 9969 4 27943 6294 9660 1177 8953 16501 15184 26645 31248 26517 23570 13559 106 1742 24344 3571 5304 12080 31535 14835 1119 7933 19669 10002 30329 12202 19773 24225 210 24291 23376 5155 2541 20102 14504 4947 25598 16037 1685 20250 18159 4998 17946 24219 17502 20387 24815 30506 21403 8108 8318 29262 20140 18563 10983 19140 28491 14653 3838 7292 21732 31781 14410 9372 31641 17850 30726 17530 18495 25261 1313 420 31073 18918 
388 1323 24650 27462 13157 15427 9909 24805 25822 2103 18 26850 28768 523 11054 7040 18477 23471 26765 19291 4435 25860 23176 15033 28311 30659 12227 0 18130 9747 16997 2917 21021 31492 15362 2708 14833 16457 5904 19287 16701 2404 27008 7667 6263 5594 15561 29358 21655 20789 30951 28373 31514 21251 31063 23222 30976 22741 285 10919 9679 19522 13504 30974 15759 16354 12105 5399 27853 28500 27976 26706 19098 17722 23503 5907 21130 20280 19573 24514 28085 18937 31573 14537 28602 6955 5390 14490 5815 20095 9410 9383 1363 8619 10520 26728 19382 29289 2107 8537 26509 21366 4057 3322 15879 30612 30757 6095 7131 17289 27095 22367 14400 16158 28455 4149 14324 8482 727 9954 10039 18021 295 12794 31182 15039 14047 28179 5890 12296 23369 18123 16798 1053 4148 19136 13045 15074 22772 14230 2267 2619 12126 28917 18600 18451 27597 3208 26681 31831 23073 15616 17648 22520 10939 27152 9136 12781 30083 9328 13282 3375 17891 8156 4723 5563 2250 16146 16596 9109 5546 4312 12538 14272 12667 18164 14685 31816 2999 17715 7674 19002 14429 5476 2641 7591 15343 26458 5224 7845 629 8174 15559 8526 23672 16636 28283 8896 4360 354 
4765 7529 15215 31668 23529 20191 21204 13334 18175 15596 14063 29661 193 28683 15963 28812 8915 12736 8398 25685 7985 23709 11854 2265 1102 28971 15511 18130 0 5567 18882 8869 8289 9235 22066 24345 23781 11159 27286 23919 30712 20148 14475 18649 3268 1509 68 8094 16131 5052 4997 12312 20485 5084 22696 7861 4013 28416 19100 23802 22900 26354 28641 13691 9829 2709 26253 15587 29982 13787 23369 24050 25045 8399 3924 22138 5201 19852 20351 13409 17132 5956 1583 21922 16024 9018 9054 28236 25558 27848 12698 1409 9920 17753 18948 26999 1792 18543 6738 19066 6358 26527 23502 8168 1302 26512 25172 13363 807 23807 4183 10211 23557 12221 21468 26769 28736 6063 14461 15596 12027 8141 21096 13752 5613 9764 19805 14794 14179 22740 25523 781 14907 15377 25683 6271 21482 8486 12219 22325 20088 11373 13564 28498 1406 21848 30652 24852 24622 26220 4917 31943 25419 31296 10292 26831 7980 385 29211 7075 12990 13297 16606 22732 21631 10340 27913 16362 19587 16321 27065 15022 29042 12551 14494 2273 12679 836 27135 14171 1682 3487 10422 11276 31735 31312 10287 6647 15021 19618 13165 1842 28224 20216 9989 18919 24528 9413 28192 4438 
2576 15361 12192 21312 17980 15779 4736 11643 4406 21373 25990 6197 19815 21688 18400 2756 881 6967 19510 4724 27022 6293 22697 10789 18712 17143 30935 9747 5567 0 23935 5992 23766 1652 5386 18726 2145 9515 10798 28729 13506 31481 31838 23292 20768 18091 18676 28211 9348 22391 7978 11777 19165 7921 26913 12783 16635 8726 29149 12522 22678 1348 22853 30788 16711 830 6694 29872 651 28716 1839 10570 30919 17048 19957 12172 26430 369 31216 16472 24603 19722 28283 11764 21356 26650 26326 24839 3107 11196 31014 24992 10774 1904 6515 20015 11775 1815 3496 24201 28027 20473 31125 26342 7950 9922 25070 21733 18460 24703 7500 12165 20976 29860 23082 5933 31416 28936 10984 17828 24198 31974 28875 5144 28239 23516 28921 27674 30958 26607 17792 23710 10272 6788 24655 2047 30600 102 5177 9976 18860 17094 1528 5290 20469 10805 14375 16283 7346 4778 2886 13748 5908 29058 12729 6977 1073 24185 16071 11764 260 1205 7582 18402 1386 9658 4428 23683 24870 9589 14279 30900 17629 31541 3301 17847 13081 16556 24162 816 3144 8177 24032 2600 2237 24448 4577 20493 15277 25911 21966 26287 5681 11609 26866 30275 23369 19086 24446 17250 
8690 26099 8659 23221 21826 700 16739 11343 30761 19596 1300 23403 19543 25024 31491 10947 6933 31898 3463 26659 3990 9765 162 21331 28951 19171 3160 16997 18882 23935 0 1840 15000 25157 14667 30016 27254 7431 26038 12442 7326 18124 4458 25581 5806 13950 769 18398 25783 16124 18310 4358 22848 14361 12921 29426 1089 30876 20942 12067 13099 24384 31212 31246 31965 18100 17071 6427 15277 3738 360 17575 1127 5513 19418 17155 12103 16140 1084 22133 23295 28834 16700 17972 26294 5310 26104 22638 29188 3782 5636 22596 24569 18966 12137 4810 21525 14076 22946 20745 13647 16827 31903 26366 11024 23435 17348 10138 8246 30613 6120 25026 16403 3577 9560 28495 31086 4041 23507 10509 383 30221 28302 25533 16885 16831 20783 532 29681 27086 14292 22971 4361 28701 6667 20816 19016 21890 12249 18529 8235 7369 29877 9078 19107 18353 10891 17925 19224 24556 19132 7037 24673 28193 6938 2878 4046 31979 7150 413 6433 7128 5108 27106 1422 21357 2651 14923 7104 14879 18120 24329 26069 24409 22354 20287 13407 23162 2693 264 4707 16854 26976 26224 20059 11698 19545 631 54 14410 17238 18451 29780 204 9395 15149 18828 8796 1857 22689 
15649 11390 3540 31449 2523 22176 31014 9869 22595 31986 7279 19138 31868 29082 10868 9969 30179 20009 7341 10346 30349 1366 18145 23813 3619 4980 16506 2917 8869 5992 1840 0 19252 28339 10792 5472 17063 21259 11951 26413 20495 9803 28892 4453 22496 29544 23816 415 2517 22558 9421 13624 22506 29418 16907 13904 2913 29199 31972 5579 10687 3474 26816 27473 3277 319 24139 24911 20632 6306 1139 9717 25201 10512 17515 28215 29934 4508 23468 1229 2281 14371 19695 12084 24189 4674 25397 18603 4109 6491 14272 13111 28989 21396 10520 22433 12279 21464 24840 11891 13929 13270 22431 13312 16386 5886 18992 29018 20601 10888 16723 31834 14023 10349 4322 29084 2600 20845 20990 30593 10783 29448 28425 16685 17520 25734 6827 2183 20261 1776 18894 4413 2954 16149 17826 11197 49 1927 7322 12862 496 22684 9581 2230 11743 16494 1303 6626 27740 19932 9687 23874 28936 8072 16432 22299 14279 22488 21737 4725 1220 11254 12301 8475 25708 20944 25324 9374 14191 4633 20505 17747 7620 13896 8043 14417 1442 6805 16638 14709 9608 7935 29488 4447 567 12362 16292 3955 25267 17657 29251 4057 25159 23897 11063 30078 24190 1656 18927 13842 
17605 937 24040 23464 14608 4831 10360 15663 2314 7505 29431 4367 16798 31836 8097 22103 28216 14211 16385 15430 15515 16115 3422 10542 435 8116 19388 21021 8289 23766 15000 19252 0 29413 27613 16116 20528 27506 28689 18644 10797 7373 19336 8319 6571 30887 14549 13263 13097 12417 25825 10098 122 6835 29160 19943 29891 17513 29050 12420 1151 28320 26491 1651 1147 3629 18979 14255 17626 16310 511 25356 2834 23735 25581 22572 1517 27774 17188 6027 22921 10799 22825 20339 8791 31680 22491 26632 25375 1789 24680 30526 7419 4997 2388 18141 14167 9676 21113 20100 5367 28695 14850 15523 1265 23426 10095 28031 18606 31741 29844 29745 6637 8010 29593 5287 7103 15105 25339 15777 26252 396 29577 6837 2829 19755 19303 587 79 13552 15 31649 13750 30660 5707 19145 4087 4448 2876 22694 23837 8788 18518 18418 26245 2052 12128 26939 25058 19110 3704 17376 30521 11333 9742 3352 17381 6592 11236 10988 20884 13259 17684 14904 8776 20204 3081 2222 9303 28800 1924 4562 15211 20916 13209 2047 15746 22924 431 19296 28655 9694 19588 29431 4183 599 27174 18073 17076 27509 8186 15344 10581 6796 8121 31864 20444 27329 4973 26754 
20261 4188 22087 18341 10637 21374 12019 31367 5309 10049 13920 19346 26796 31538 6126 16515 23060 13534 14433 535 13796 31492 5079 11397 18984 13432 30756 31492 9235 1652 25157 28339 29413 0 10710 11927 15459 15518 17251 26421 1100 21352 4925 24935 13553 3697 12714 16074 11048 10407 30099 6943 30317 23838 29059 3150 26588 24846 28075 8798 1594 24785 28127 26493 3563 1513 12697 25341 31228 27383 11764 4947 1817 13251 5809 27417 7063 28474 21812 25356 25194 12906 5254 25870 16942 903 12116 22564 21537 25320 16877 7543 28710 21513 8519 3414 10691 19337 22521 31280 18210 15148 12865 14749 20498 3801 12030 3926 1286 10652 2997 15415 22803 27556 15247 322 1781 12868 28760 4254 29449 19445 6017 7314 19539 2641 19998 20110 28281 12312 30183 19745 30405 813 10553 13827 15142 15001 13589 8459 18221 4230 10271 8248 25875 12356 18078 16300 6832 17734 4993 2219 8324 29220 17495 30110 28082 22169 20565 2581 14334 2437 25683 12735 25813 6379 26830 24179 7748 4851 486 31018 15870 31208 1632 25857 24409 21306 3748 31802 22097 5500 26814 6459 12162 12645 9311 1932 12337 6098 220 4828 22850 11713 31021 251 26434 21846 19695 3807 
4805 22023 28767 16944 22118 13292 7109 15006 13897 16132 8005 3807 5716 13404 12714 24445 5093 4814 14356 7452 25332 28126 17958 11016 2648 30774 28528 15362 22066 5386 14667 10792 27613 10710 0 26729 13667 15771 5453 16224 29126 21171 15782 7225 15050 12529 17090 22758 30592 17121 780 14353 15405 22724 30754 22035 13641 9617 19415 14333 13952 14576 15664 16273 13491 2879 12905 13383 17910 28303 13040 15691 9361 9126 26470 25723 10496 16124 8099 6507 20469 16576 17328 9570 14930 2258 26060 14940 10034 21448 14698 27144 30431 18923 4143 11210 13275 27961 23798 20664 217 10338 15566 5534 9410 16333 25848 4348 3507 24722 13547 16132 17659 6783 10066 414 31520 22294 23306 5222 1241 27531 5670 7083 19474 3272 14061 7023 27373 18794 17881 30571 6589 7875 27031 31754 11274 24792 27915 21100 8082 20322 15435 1634 4165 1743 24993 885 15174 831 4491 6881 1262 9866 6332 148 27082 13622 27419 17714 5785 21379 9153 25106 19025 2914 29436 12352 28953 16503 14672 25978 6222 16924 27762 9013 25984 15454 12110 24984 11892 15871 15616 1917 24098 14452 30684 20340 3253 31975 26216 25282 26512 17717 11614 18268 19525 9454 4781 25326 
