200 100
0 11608 29849 21131 10896 24886 29076 15619 10778 4864 28174 20931 9217 10914 23640 30687 24959 18906 8469 19009 9249 17213 4158 4517 5835 6704 28703 18334 22962 751 599 8080 1377 25225 26843 29875 6325 22497 18932 24342 3553 11439 12860 8601 19306 23421 9125 12273 12331 6314 4722 13480 1874 16490 25147 2842 3681 26819 28397 15481 29998 22673 968 3018 25571 1923 21855 25574 27647 6940 6555 27769 5970 28594 27064 30726 22788 6258 23878 4065 8847 19802 29992 25906 19392 1597 10904 26873 10170 24514 24610 14084 29427 13925 29604 7162 25908 3701 12884 6228 8861 8212 21946 23902 16030 22329 4785 21306 17663 21425 1898 4061 12505 25369 18281 22288 27802 2534 23429 10608 23301 29790 15340 12142 19247 4507 20508 18511 387 28558 29931 1837 11967 24314 31104 10740 31733 22645 8024 10341 1930 2922 5186 10262 21306 21017 31586 624 25105 17301 28721 16048 9075 8645 30587 7654 29461 24420 3680 3065 11009 10496 6996 10401 2966 21246 30 18282 19078 27540 2780 27831 5590 12750 31741 20669 1249 4745 3909 22916 9301 11899 24781 9193 29491 23080 4352 30622 26067 7662 9119 22824 23774 11514 6078 29920 11858 29008 22724 12530 
11608 0 24392 7965 21970 24050 11030 604 7023 10781 18306 19642 4141 2152 24700 29184 7057 1517 23193 23835 23998 10732 21266 28703 13698 30152 8899 3390 13384 26634 22573 2004 10789 29532 17267 13150 8143 2701 26462 23933 22176 4498 2140 19958 20118 27778 6780 17331 15700 31897 21362 30658 5153 6708 9368 9044 31207 4570 12777 28095 23092 12336 24071 1915 20540 15362 18229 3111 13779 29503 16733 6787 7542 5116 23562 18550 21057 19055 25197 10505 24057 18677 22619 17257 771 13836 31307 7911 13929 12888 17244 14074 12763 22688 24908 1851 25003 16592 17280 31847 28878 30456 3841 3167 17120 2634 8572 5417 28960 29983 5953 30703 22127 15857 16963 5630 851 22113 13085 15304 15865 13106 12298 15329 4397 15691 15082 23812 14179 23223 4419 25358 11440 27558 9788 3072 8912 19053 11170 2560 1825 18561 3046 3927 31909 13439 26396 17779 27395 21541 8700 21222 27013 27225 19940 21860 19994 13344 16594 25799 10067 25254 1645 5645 15465 10812 24572 28503 4917 12371 21356 31978 25653 6789 6477 16177 11404 1420 8916 11704 6401 2120 8153 15665 5374 13244 30169 23666 17553 5647 19444 29811 2669 12686 30959 26707 30953 2215 6194 5459 
29849 24392 0 20968 22828 21839 4813 24908 16065 25444 31867 22248 6036 31651 12920 5516 5396 5237 20874 23739 3295 31479 9132 22444 29387 28154 3596 3659 25824 1541 6669 25912 7258 14416 29252 12228 28841 26056 26748 6137 26226 20240 27060 11665 7565 5244 2590 25339 21511 13845 30239 4187 29216 7322 3412 25737 331 3451 16009 15 9010 12510 10433 21548 9905 5275 1587 17365 30169 9025 12873 2993 9452 11537 12193 18459 23909 25088 7949 289 30191 22456 17044 5513 25450 917 881 19656 15340 14249 25361 20747 14011 12730 4887 11312 12117 3137 22362 18379 8811 16746 9187 29476 11743 13337 1264 24629 5067 9185 10998 8366 13435 13068 27289 9715 5999 26264 15540 18202 24412 10550 13653 15856 22826 16203 4031 9203 27894 22000 9576 29270 10767 31219 29690 3586 15098 7638 8276 12177 29039 3533 25736 31571 17244 31683 10972 30794 16863 1363 29388 3376 9550 6352 26884 31342 17456 4927 21864 29220 7235 11865 9229 38 18038 2444 24383 3323 1517 8441 15227 27101 13826 22134 2164 19902 23617 28299 14096 18751 8041 4214 24425 21176 16751 15656 15054 17205 11900 24903 8386 21365 28140 18733 3322 8683 12623 8421 7265 10686 
21131 7965 20968 0 21280 31077 28004 5288 2069 17593 31396 1494 566 10148 12814 30369 12033 20629 12771 13052 10232 23422 18277 25178 11424 19415 26845 8885 10371 3994 14487 28808 12335 31046 31713 16085 1077 20958 11537 24353 2859 16615 25469 5747 22444 23406 27521 2905 11092 9216 14205 20964 26565 433 24533 27561 9126 17943 12016 16831 5535 13132 4667 9412 9055 27889 8996 20440 23447 2598 10016 27552 30972 147 3239 2885 24394 13924 26675 9076 6973 31813 837 7261 24471 4203 16736 17078 5150 3980 15885 20661 15771 2530 14294 26650 5597 29741 6477 6179 30388 13998 29443 20887 28408 6190 2706 30909 12416 19701 16276 22882 5676 30420 10666 9943 9949 8733 887 31729 5496 15527 12451 26377 15080 10188 17369 22523 7961 10602 30154 11303 27903 29158 11817 10356 1165 8741 29870 31816 24511 14739 2324 18322 13202 11037 17692 3010 20999 20023 14985 13516 16165 26583 7714 7977 9461 10105 19891 3030 22148 8474 22029 9812 21989 22078 27139 1960 19245 13803 26732 11609 2678 5036 22820 1397 3550 11664 27915 24461 31622 12073 1030 437 11156 11150 7674 3462 4914 8282 27861 6173 22157 29355 20101 7706 18648 30757 17407 1698 
10896 21970 22828 21280 0 14942 2302 19202 28537 27721 21625 13509 13965 3853 11236 14323 22399 14770 25695 23327 30647 8406 12060 14704 4018 1196 1889 31140 24321 14073 15242 23816 1863 8470 28676 12417 27454 14320 7251 21126 20402 2058 525 14626 16517 10618 14556 26102 8105 19432 11904 29237 7977 12434 7627 2215 17440 10058 5282 23719 26303 5237 28930 16932 12875 27406 27129 5539 7964 14497 936 17723 30880 4944 3911 22168 25430 9682 14113 24056 19923 12142 30100 1072 31167 260 6930 31400 472 30468 16162 5722 17646 3701 21855 11223 998 17391 8567 11586 17336 13472 13358 6995 25968 2379 29784 2133 6704 31044 7906 6184 23851 22902 14282 831 2219 1885 7969 4258 15117 28427 528 7149 28351 7463 24016 4687 28233 8425 2992 28557 21569 9247 10515 18940 3668 24363 12143 16522 22339 8706 25935 2485 17892 17710 26450 26513 15133 15309 8745 14791 27372 1935 20380 26000 24418 14524 1414 27326 28578 30507 8404 22451 18663 31820 22409 19559 25979 4895 12989 31335 6336 4666 2201 10960 43 26567 604 12120 3908 6531 7257 28997 3239 12992 9719 28275 3845 22883 16047 13138 36 17639 22801 23269 6618 15192 15040 6852 
24886 24050 21839 31077 14942 0 20387 9484 21496 17430 13570 4160 6098 1617 2977 15151 24510 13516 1404 14874 20774 12793 28142 30247 9434 13616 12984 14688 11532 20655 20223 8116 22611 29076 24653 8948 12715 24548 7566 6102 22386 15239 20756 10996 2667 31816 26515 25548 7101 31448 25635 10176 31732 25802 25412 11799 15102 17047 7636 3833 30254 29850 24601 14198 28731 15380 7101 29310 576 11305 20427 26088 6332 13791 8374 3950 17042 9508 17233 16814 10249 7624 3799 13098 1996 7806 27363 27720 14826 222 25720 22097 13782 29540 7161 12149 2407 2928 18480 4291 22744 10055 16970 27444 27335 3088 30423 5024 7224 20695 29134 10950 23954 28044 21894 13639 17568 12803 23997 4010 30608 17140 25235 27481 16118 9724 21902 23969 29640 13721 16791 19892 5218 10800 19194 169 11395 5129 12904 4217 27213 23376 20216 29955 6215 18709 5920 1800 4445 30795 5311 26670 20446 25804 28182 9983 27260 24402 26825 7658 4430 5757 24033 2112 1999 3539 17100 30263 12511 9914 9817 23529 3008 7551 12479 31828 11033 1617 9879 31579 16630 19781 25308 21698 6340 16211 24561 23605 5208 31574 11929 17216 12776 1038 30207 4951 3087 10272 687 11726 
29076 11030 4813 28004 2302 20387 0 23624 29305 17967 30712 24457 31370 309 24258 25768 20388 30111 30803 29646 16575 13713 30811 22682 8645 1956 5247 7966 17814 30178 31576 5088 1795 22221 27763 18136 14805 14423 8274 3702 15557 27625 20071 30875 27266 3166 14621 25244 9648 26886 7889 24900 18917 9126 16338 20433 15789 4724 24935 18932 25477 21021 19144 11987 9697 17857 16929 7688 26663 3571 4755 30625 7091 3003 1588 25888 10196 25494 26893 19066 31691 882 4633 20250 3793 3509 19274 24029 19215 28213 27781 9493 11173 22334 19619 4232 9381 13713 16752 20336 12055 14689 9645 22394 17909 22103 21264 23497 26158 17293 11072 21234 4517 30099 3036 29696 17201 10863 21619 15471 924 22423 27786 25650 20902 16119 15003 27823 14849 23791 9234 6079 16980 29779 4944 25009 30010 2923 29098 5702 25154 24562 13160 13748 6127 537 17096 3237 9143 13187 5371 8759 6917 1353 6949 17403 4665 16373 19295 760 8100 30089 8374 10919 23439 30839 4650 20470 25395 23463 7090 18503 21183 29302 15156 10607 18519 22195 28815 18874 25618 24483 16532 17892 19193 11004 11270 30751 8460 5099 14495 1042 3134 14607 28172 16853 13430 31869 22765 22776 
15619 604 24908 5288 19202 9484 23624 0 22986 23938 30589 11959 27328 9421 5602 13053 15968 738 13139 1518 21983 5588 15524 2303 16945 18170 9582 26857 6929 19184 26637 9129 510 7827 4512 29569 8762 1801 11533 27126 13258 5303 22523 23249 30073 9034 14807 25887 13781 22192 208 29490 17457 8477 25052 15006 674 14087 10162 13886 21508 7723 6862 12077 12531 8583 4977 14030 4819 22366 28831 10694 31945 9272 9248 11517 1984 12000 7553 12450 17510 27749 23569 27940 23597 8219 27620 26939 31820 19608 24532 28893 24252 18616 21628 7754 17468 12442 28733 19970 30542 26785 26170 12490 21048 9845 28764 14764 13061 24320 21839 10741 1155 23410 25220 2869 14403 10815 29230 12099 20381 8732 26694 13880 21162 25863 12936 2159 21321 25405 17780 21388 27931 21058 9550 6515 18568 13021 23071 6990 5305 19993 31667 26760 2716 15175 11162 24277 27876 22264 3881 8488 4359 19460 22647 6844 18239 3463 18784 1293 30090 21471 10118 24285 2987 11183 16971 30769 30503 24800 30170 26193 16714 5020 11036 2508 28193 9043 19396 2163 6014 16567 21572 22106 21752 25791 18390 13787 21481 21416 13174 11156 17775 6640 11747 2660 25708 3163 22434 27251 
10778 7023 16065 2069 28537 21496 29305 22986 0 10827 16146 21663 7964 4870 17375 1587 18660 22737 18881 15021 23882 18924 4285 6712 21499 8429 1708 13904 21882 2746 19771 6345 15904 9872 15595 14280 6935 2303 22800 456 10846 13035 23509 20118 24009 7564 12343 29013 23293 11887 28422 11387 30071 16498 27367 11986 14214 8396 9300 8055 22092 3074 18841 5342 16577 12531 17112 6092 5040 13261 9734 9051 7351 10261 14828 9466 23883 5026 31015 31082 3506 27554 5417 30145 3591 8340 25653 23403 30009 2380 31846 24100 5132 29170 8616 9982 23830 8707 17085 19297 1475 17486 2873 22789 25937 504 20102 19706 5588 27256 7393 5793 21299 3739 11867 5296 6441 24449 29145 6962 2885 20382 3347 28036 1002 15034 19096 18265 3663 28401 13513 19894 26239 12979 217 7670 602 13764 5331 16839 31123 8253 3476 15147 10672 2442 13772 30840 4621 30826 3841 24664 26840 28401 17804 17865 7701 22665 16282 28190 18076 5612 4396 5884 13334 29739 31766 25693 25348 16043 515 30865 2488 10018 17264 25143 1625 21662 9133 8776 28130 25470 11743 10509 3876 24438 9216 23587 23231 18063 30172 5758 1069 2341 19733 7266 24759 1767 31521 10859 
4864 10781 25444 17593 27721 17430 17967 23938 10827 0 7549 1659 19642 25542 5271 6299 11339 30037 24657 21770 25941 23417 11813 23803 16803 12661 7345 2629 31780 19250 18357 26977 21229 15165 18456 20079 30004 18886 11747 15664 5462 31394 835 29964 21457 4169 18825 29709 22344 31191 1324 28128 14981 28941 10437 20954 4721 24399 10768 18415 27420 27046 29425 13243 21435 28863 28011 12668 19619 4329 30633 6421 21330 6426 27896 30732 24422 6634 8905 8331 25250 22932 25267 4449 18671 23803 31085 2817 30039 24225 10967 1665 19211 21680 12017 13722 8541 28148 15841 2221 18885 6110 2544 8891 5599 28546 14732 25963 18537 22936 29511 28167 10056 27262 22485 4734 27011 30002 31760 23393 18758 2139 29941 6377 29151 25152 20135 18415 4547 3022 3947 10737 17801 14229 13481 13074 12267 23754 15344 5657 25803 11077 6641 15215 30763 2179 14978 18981 30002 5540 2459 8683 24877 12141 25691 22552 15242 27462 11779 17320 31454 7483 14328 28215 6367 18686 21444 8970 31337 14050 19732 23813 4219 25056 26298 23477 13370 1684 24747 5191 17644 4416 29184 12685 6397 12230 20216 8190 31484 18609 8948 437 15261 31532 4984 12657 6583 9480 16431 18578 
28174 18306 31867 31396 21625 13570 30712 30589 16146 7549 0 11557 29801 92 8681 27602 19110 10119 8639 18211 22348 2973 24852 2035 10294 25557 16349 6228 10224 5272 30656 2442 9915 6022 11801 2828 21646 4208 24312 28040 18193 16733 29215 11229 28834 4999 12038 22048 11346 2909 14808 10649 12007 20865 8053 31685 5593 13769 18800 20308 23382 9024 2577 16170 25152 10531 3410 3424 27180 30694 25827 6721 6243 26415 2855 27215 27619 27095 20022 10558 21084 6638 27355 6902 4917 11446 31381 10899 21894 420 31129 25702 11293 4964 18124 30962 891 980 8395 14833 10966 4870 10468 5967 22295 9536 25372 9516 8155 16381 14633 7133 30324 3307 28279 20969 15079 20716 12836 17677 9197 31511 3334 4410 19955 7095 27298 28819 15132 23368 8757 19058 19004 4735 24237 7778 16349 12097 14765 4132 16443 18856 9870 25772 21066 6915 31579 2851 24492 30676 30419 2020 13501 25042 13416 2433 31370 29414 12099 23741 17875 27696 18496 30097 1294 12290 17132 26153 2404 16097 17036 25062 2484 16520 19735 16476 7309 31462 19257 30547 15158 23325 2127 9927 16808 27012 11375 1770 27536 21924 18528 29727 23119 27963 19612 29950 3836 9534 3155 11093 
20931 19642 22248 1494 13509 4160 24457 11959 21663 1659 11557 0 29893 2999 15345 8541 5301 1631 29014 2599 27389 10430 18993 8767 10044 3908 420 30807 21652 31076 14930 18982 29100 23447 2662 30052 25775 19032 26251 3279 31563 2342 14835 16425 28851 390 20050 29753 26526 18687 24032 14022 27975 9245 3419 14497 31084 30576 25346 22937 28240 23691 23452 9604 6329 4101 21873 19261 10740 29820 7244 11170 17357 9358 24704 19091 28568 21728 17889 23287 9260 28440 20935 14519 14820 1507 30479 26049 31133 19441 5658 5638 6587 11252 28109 7549 12069 12453 13968 544 16965 5056 1872 27883 17161 13572 24958 15329 3046 9013 14863 27143 23505 4891 25723 10087 25924 25217 10174 17423 16192 8503 11355 16912 26694 31761 2900 18817 20318 22503 16948 11898 18449 14739 16135 27418 4975 20983 21597 11139 22283 246 16972 15321 11259 18039 12395 6727 3289 22374 12504 26619 24261 3763 16436 30758 30561 27217 17827 17406 5077 8249 4813 27325 21194 870 24032 15776 18799 5591 20621 12521 28280 1425 30215 25822 10522 9884 18952 10440 16913 30978 11469 27638 29340 11220 26902 21177 24188 3621 14887 9318 4345 7693 15563 20824 31198 1448 31564 30956 
9217 4141 6036 566 13965 6098 31370 27328 7964 19642 29801 29893 0 3270 18450 1829 4164 16668 25946 22934 29835 17058 30152 14748 11496 16998 22751 8080 15080 17548 31927 22238 15019 8265 26363 1030 22249 31209 11244 4765 20201 20938 28252 18252 28811 28510 27572 14799 8512 29485 27887 20215 20236 19920 20380 16809 1419 16375 735 7389 21993 23907 1136 15264 28391 4076 26266 20241 3549 2940 21309 22631 30898 23057 31949 11241 6374 23487 12368 27381 22408 15788 17251 4858 15936 19 9782 25981 24390 28737 21643 1559 25704 15002 25019 22901 2312 20372 28593 9815 5148 30907 13548 30609 25644 21163 29569 14092 27735 18201 2838 5574 11854 5578 24040 6862 14934 19354 28358 8264 14410 20086 19475 20591 24215 20834 5576 11150 30782 23155 31343 31749 25046 17110 17961 26698 2439 13255 19112 24805 26895 10651 28982 11378 6848 28854 14252 24227 15232 11925 10107 25659 1479 20421 24231 30484 15525 7402 4806 10010 15801 10425 517 20045 29242 23549 547 8898 23282 29334 30580 9378 1854 30837 24799 10794 5391 19617 17888 22953 14828 7733 17031 12165 15597 27743 1910 29238 29633 4706 20710 17481 19369 12180 30115 4702 15738 16225 23307 7210 
10914 2152 31651 10148 3853 1617 309 9421 4870 25542 92 2999 3270 0 31536 1610 18139 29125 9531 5973 15404 17801 2857 22661 14395 1012 29930 9717 20780 12049 3669 27684 30728 26707 19492 15605 30906 27277 3317 15024 30482 2553 31562 9982 29125 11829 11145 23023 17002 24896 31483 19189 6781 18048 12495 2025 1630 6078 24599 13573 27218 10279 712 6375 3712 26444 24253 3475 1780 24865 9140 2416 18590 14336 19790 7240 9810 10150 15122 28491 17608 2099 8554 19212 10652 18477 4003 2946 12110 30077 27887 9735 3650 14191 1125 12122 21440 18612 27134 21151 28148 1634 7832 22365 8942 24050 27638 7806 3489 25152 1469 8017 9959 14734 26744 28042 17018 9087 31379 15423 3834 31006 29794 20203 4077 13784 26906 2926 9913 25213 18133 26634 4011 11586 21394 870 23538 21696 13105 1677 163 14836 24185 15599 16053 20800 12053 3678 15877 11879 20625 29457 30803 30868 20321 2978 18497 31059 4057 786 23130 4245 19252 9923 15367 12718 7824 23932 20378 29273 30191 10856 21830 1202 9271 9238 25892 10297 18481 121 29231 16853 25740 3047 19015 19661 21466 12060 4912 24015 18577 27703 19091 9708 20490 25019 20218 27033 21124 17551 
23640 24700 12920 12814 11236 2977 24258 5602 17375 5271 8681 15345 18450 31536 0 15144 2999 19193 20235 26887 29601 23956 16095 30162 21742 17296 31600 19183 19760 17677 27342 20666 16498 12065 12410 29825 21293 19924 12393 10375 27986 29219 5381 22531 14917 28415 17965 31008 8926 6477 29234 1021 21352 16869 2777 26284 16036 17557 14686 9012 5316 31005 29549 11921 18034 16178 28456 2225 3529 28541 8998 11639 23640 28059 17264 8377 28709 7197 19844 25155 17573 22919 31828 31187 5574 4690 20806 28189 24550 10476 2867 18375 26843 2741 10601 4460 13292 8449 29099 21658 1236 23067 27949 9685 24516 10557 25243 4756 5471 31387 23569 11585 10941 18519 10018 3387 28266 1420 20180 17878 29286 10053 10143 29271 2341 10885 16499 12282 16270 2879 28337 6125 28414 17500 19246 18516 12611 22714 11317 25669 23203 18985 11140 4299 3029 7278 9804 27621 7429 21057 14899 9349 12242 30289 18516 23700 9809 5437 29243 17387 8969 13466 8170 1625 3062 25842 28889 20129 1928 14529 21488 21114 31907 15991 28557 17295 7839 3194 13186 21887 21063 13603 18965 16604 19419 21183 9984 15662 31248 397 30832 1775 5388 22212 14600 22158 3181 30092 6877 28526 
30687 29184 5516 30369 14323 15151 25768 13053 1587 6299 27602 8541 1829 1610 15144 0 1527 23514 12462 2621 6686 987 16677 16918 8070 876 13654 21479 11376 15503 26341 17879 8806 7694 187 10191 11057 6772 27143 4991 15330 12561 25657 11351 5323 27386 28679 8847 15235 24072 23657 11553 1767 9941 16542 4043 4116 26819 31781 5390 15983 23030 16325 5170 17566 13397 31622 27456 7565 15246 29622 2823 3178 16400 12774 24345 8106 7184 2027 27596 12547 12421 4831 14651 25201 27436 15134 22083 9266 18054 13387 24967 10443 16597 30537 877 28929 25892 20035 25887 19425 19261 17829 18572 19130 4530 14369 28005 19743 24022 18604 9761 31462 26561 25983 17915 18988 27472 18456 13039 29520 12579 28471 22210 756 2206 10978 11000 16896 19178 3426 11484 20640 24818 29765 26236 5185 14951 4443 28331 14233 19901 20409 25342 13981 8492 29114 27344 21129 16049 506 14912 6877 16395 19034 3118 24923 17856 27648 9539 19467 31254 19796 22247 17207 5915 7429 31817 31344 21663 20995 31323 29577 821 13443 16339 30103 28214 20223 16940 5624 31167 31284 1700 11338 3503 23075 5693 24943 5546 22546 2494 10641 4122 11145 175 15129 554 20821 9313 
24959 7057 5396 12033 22399 24510 20388 15968 18660 11339 19110 5301 4164 18139 2999 1527 0 30371 25250 21973 2203 31780 12654 28825 6276 30918 12521 6655 10624 1408 23598 7333 20241 25369 9130 31232 4624 5423 24863 27222 25768 16692 27043 20674 14172 18795 418 17460 24829 15855 22232 3950 13236 24493 6232 11015 27390 9829 22664 18027 15786 13484 10273 16856 19421 25580 307 11875 11791 16738 20512 19953 26891 2079 31132 6462 31218 9224 20915 13273 19768 14294 7106 30757 16037 5910 3452 29785 8021 17194 20198 25729 12217 29766 92 14459 9619 5747 10378 4347 9726 15759 18803 16263 18531 14922 21613 19579 6532 2858 11554 28166 4725 23688 9873 4394 8606 6033 2314 19136 10170 19014 3126 27762 29915 16252 23052 30142 20835 27869 5341 6649 28428 484 17737 14154 30689 21220 28487 26026 2114 29697 2336 28139 9700 10037 28532 18862 20942 22861 820 9066 31837 13290 1446 22124 2880 2944 13156 29905 19069 25945 15196 16782 1898 915 15313 11624 29364 18973 17753 23804 15963 23742 23261 11192 692 3342 29084 8159 19046 22394 28968 29577 7021 30020 13158 6816 25113 19841 402 11749 2320 29977 5944 744 24135 15050 9532 6675 
18906 1517 5237 20629 14770 13516 30111 738 22737 30037 10119 1631 16668 29125 19193 23514 30371 0 1952 18385 12251 17682 3366 2235 11154 12605 22377 3256 28706 24562 16716 20802 21889 12161 22613 20730 26182 28507 26798 31395 27567 29204 30502 15651 26523 359 17456 30855 6032 22576 17889 4863 27573 14962 12533 24029 7127 23122 28617 13209 3174 27161 11873 23759 24696 5685 18531 9533 31172 31799 23321 18888 28584 17109 15474 2679 5410 31720 30719 6262 28633 16238 23289 9491 19732 5768 25912 22723 10688 1915 21821 22812 15981 4786 8744 17115 592 12985 30912 11487 8001 23618 19057 10282 189 290 14408 16358 17636 1108 8696 31068 19322 18675 8152 22270 10729 12099 1505 20317 11836 2984 23987 22066 25125 11436 29327 22872 3575 24060 17757 16590 10667 25961 4006 27577 28381 746 17306 14687 21199 26520 5386 31275 99 19888 26477 1199 22564 23955 25310 6812 573 16328 25115 970 20607 5111 31623 31029 23646 28910 1064 14844 29171 28830 168 28772 7162 8478 14166 19666 6100 1958 10788 28883 24964 9876 4266 278 13237 31337 23329 4207 30898 31947 15207 13524 24427 7811 5632 31587 18805 17535 2834 28249 21513 22225 29543 3867 
8469 23193 20874 12771 25695 1404 30803 13139 18881 24657 8639 29014 25946 9531 20235 12462 25250 1952 0 18 10860 9677 22597 6968 21798 16190 3780 15175 20390 13287 2007 1418 27541 29995 18431 30973 8651 23841 30704 1618 1624 8854 24977 27630 20861 23560 27904 23787 25265 2987 10636 25366 14239 2662 16827 28144 27684 6612 2627 20399 18004 23366 28691 14907 10099 21949 4170 16947 5374 27890 6716 24296 13730 27215 26482 27230 21569 30453 30120 8528 23794 8630 24782 7466 23807 21274 26121 23822 1510 24412 26289 17874 9306 30572 25939 6399 12098 12780 2223 30673 15287 565 4793 28475 775 15953 27801 26081 22966 9472 9900 10270 16762 20150 26242 24318 21564 15513 480 8003 21275 19589 24766 21602 8298 16905 7752 21892 15535 16488 26590 22151 20389 19867 6934 28156 8760 21068 10934 6185 7053 6619 13245 11014 18169 19546 29017 25922 21511 31378 17903 26685 4980 6142 12057 13581 28980 28365 20129 11387 2412 15074 27272 5381 2680 3796 27139 5339 19685 24560 21882 13540 19829 3892 22154 24760 10016 20820 15106 26278 5647 18871 28391 29869 30624 30072 2162 7812 21351 14951 13070 20884 18729 22536 18269 26363 8161 30352 15409 6024 
19009 23835 23739 13052 23327 14874 29646 1518 15021 21770 18211 2599 22934 5973 26887 2621 21973 18385 18 0 27938 4018 801 16469 15497 22837 4107 11778 21364 1607 26663 14294 18051 17465 6233 26404 20569 14048 19077 12994 22430 25493 23957 29452 27645 16435 22136 29664 18727 10013 25374 26016 20687 23862 23933 25396 5037 6120 18576 29190 17788 27422 20564 1286 19452 24907 19658 28069 13042 26210 16121 30426 12068 21468 20713 19744 8542 27318 22698 1910 4977 22897 21835 9311 14383 13841 28388 4833 28273 287 31118 9863 16659 8873 29287 8287 24051 28733 656 10493 9462 11506 29487 21367 6403 31328 18541 8296 26887 28836 9082 29167 29424 3166 20869 8365 15027 11955 20165 24779 27207 11340 15732 23795 23977 15957 26832 9298 5847 2944 19225 11678 15829 7937 1175 23818 11436 29073 23442 1108 24678 26988 19288 21433 2068 20819 28475 29180 28618 24203 5265 27235 7839 13277 10419 12986 13742 22677 19199 10319 2840 17540 17367 5622 6144 21503 1185 11779 1166 20702 9414 4180 7917 27775 27316 16709 24910 17857 18653 13754 29156 24586 21686 18201 8167 12099 21178 15438 23954 3031 12389 17350 21030 14521 1082 30326 18405 26204 3518 23250 
9249 23998 3295 10232 30647 20774 16575 21983 23882 25941 22348 27389 29835 15404 29601 6686 2203 12251 10860 27938 0 13277 22559 8404 28367 4399 19779 26053 15974 22435 7411 24895 17833 17066 6264 28862 25006 6478 25645 2389 17049 13353 31364 10409 26021 876 9730 26355 8482 730 31550 28162 5489 17097 28134 30262 14601 26663 15290 19590 21878 10611 29326 19578 1877 18624 31052 26161 13656 8885 1776 7772 8776 8079 7306 1345 23294 15389 5951 16313 17768 2499 8519 2610 5258 9592 14320 10670 19322 17351 11162 31425 18018 10961 7353 28310 11906 12105 31702 1259 44 14966 5517 18704 1990 18229 30608 25580 25802 25076 5283 3320 4041 11192 8350 1857 17763 20760 11118 11626 8529 6463 5395 27559 2395 21485 3491 17091 13922 27510 6213 16155 14167 22721 2871 1185 26689 9803 3272 17114 31548 27937 5726 17375 29300 24809 29041 23903 9005 16602 16526 31131 12222 23998 27990 5992 5009 8183 15740 15921 5924 30839 16585 4850 22027 30150 23835 17214 16876 12800 19297 5946 6529 21972 5281 24479 27545 9350 4595 2748 8983 27117 28546 3185 28401 3958 12945 28724 23858 1055 10100 22800 17913 20092 28819 29345 21623 3253 2411 793 
17213 10732 31479 23422 8406 12793 13713 5588 18924 23417 2973 10430 17058 17801 23956 987 31780 17682 9677 4018 13277 0 11415 30336 16464 5483 25726 8865 14596 1330 6877 3136 778 19942 22913 817 22303 20234 20375 12076 4963 15627 16307 5581 9052 10037 2251 4500 5363 29882 8251 22501 3188 28081 6849 31752 18320 12051 9089 26920 9053 11710 514 25175 4180 15477 5166 2183 6993 2269 21588 20114 27285 5504 22824 3634 17350 17101 20416 27911 31980 19477 407 30615 4468 17550 19341 3912 2608 6738 12260 26470 4692 4959 16707 7459 27513 20631 12725 6544 30364 20673 18858 9896 11039 26501 28147 26181 5829 18034 8137 22567 25529 29691 28870 20723 23431 22388 6889 816 23327 11544 25237 29515 23512 3077 13456 3986 28778 25405 3591 3900 18418 1445 2184 3422 10224 4617 22278 31222 28490 2837 19415 10467 8010 18524 19639 14825 18075 595 23493 12464 6479 16469 6020 26053 23514 28064 12763 4758 29974 19797 31764 16249 25152 30587 25567 22693 14841 25852 27214 8757 11333 25509 12250 13611 1422 7976 26715 2921 10400 6172 27155 28857 6061 11514 8610 6085 26698 5920 4626 31774 21103 25809 23243 1592 8569 2098 15006 25707 
4158 21266 9132 18277 12060 28142 30811 15524 4285 11813 24852 18993 30152 2857 16095 16677 12654 3366 22597 801 22559 11415 0 15966 13092 3415 12291 23765 16010 30762 20760 19182 23083 6833 1553 16554 26775 26217 19385 14723 20052 8006 11473 29029 28378 15788 11529 27310 13718 1654 21770 25908 2538 30193 12909 25661 21801 22495 20162 11910 2973 12151 15244 18494 6018 17249 2370 31754 27402 8380 18253 22529 90 4634 4110 10159 17545 9600 29655 30483 13733 11368 5103 7843 19119 14528 1168 11077 668 8171 25066 29525 21844 29885 20512 5028 18612 5761 27719 23924 23438 6388 23404 29055 5286 22857 16781 11759 29620 30757 17564 11877 2406 22178 3969 21748 22109 5709 18711 18213 27693 6442 9004 26611 22623 1965 18563 24782 10865 18369 27603 7065 28882 2242 16838 16301 17640 12676 31485 15830 14603 29260 21257 17491 25737 16083 369 17625 25507 17736 15537 29070 20876 31309 17974 17167 19311 6391 23397 27756 28775 5072 16019 27177 25734 9942 12556 30269 19152 20091 30222 4372 18495 19108 22732 29326 1727 7084 8302 9472 11313 609 5646 25648 26218 772 1978 15195 25906 25162 17014 27952 22343 11871 6968 2259 27994 11487 24556 20957 
4517 28703 22444 25178 14704 30247 22682 2303 6712 23803 2035 8767 14748 22661 30162 16918 28825 2235 6968 16469 8404 30336 15966 0 8031 26480 19851 809 18653 26503 14491 24946 17580 679 12287 15397 27137 1955 12811 26362 8148 5782 18139 2539 19936 6109 845 3128 28327 15385 2 9828 1645 559 25186 22838 6713 11080 24469 28857 16855 18898 12427 1085 7897 14461 6134 27221 22163 6720 25164 21465 8475 23122 27591 12514 14160 13618 5989 15569 25040 10657 19433 329 29441 1187 1496 18992 18186 22659 16254 14259 16599 3021 2279 11328 20506 16722 28647 21899 28229 28712 6932 12171 8594 22440 11208 30843 28924 31856 22049 17114 31044 13407 22529 24683 23278 6044 30223 29750 16450 3216 1204 27014 23884 16872 22047 29675 29405 13462 21827 5430 19337 9934 28117 4481 14504 9737 6991 31525 6230 2821 23025 13762 20339 29636 15291 24891 21156 21130 21365 29112 7505 22752 17320 9123 12710 2453 13731 30125 8596 10680 23672 15815 1486 20383 30717 4394 204 23012 20941 20560 16076 28516 14917 11513 30925 1343 3720 6952 29075 20444 12923 23077 29351 23267 6603 30586 21077 29761 15331 18678 28077 14376 8184 27053 12675 2062 20734 17911 
5835 13698 29387 11424 4018 9434 8645 16945 21499 16803 10294 10044 11496 14395 21742 8070 6276 11154 21798 15497 28367 16464 13092 8031 0 30909 4161 14325 12084 21230 4607 4043 10292 10967 24483 23987 7304 20867 9661 5154 11241 4176 14512 3041 10724 6639 9908 5642 6875 6503 11219 29455 13314 10513 14316 23474 24163 21916 27571 29198 14041 8459 7855 20621 2072 30386 20538 239 19875 16444 15492 31049 15573 19880 19087 12547 13785 26439 6196 728 19633 18367 28189 16090 18738 6411 20937 11628 9222 29817 28811 838 1704 28330 12683 25716 19308 2197 9923 28758 1652 12164 6402 12961 28859 19477 492 9820 1550 13882 3064 15332 24846 13625 5489 21993 24367 1452 11637 18799 2236 20610 5881 23245 5072 14844 17091 17328 27998 20401 22638 11545 14634 6026 12393 12891 17101 966 20727 24862 4021 30967 30512 15454 20514 22275 5119 13164 28202 25636 16418 10987 1205 24296 20781 30420 22145 30001 19079 25459 26144 18997 24683 10599 24821 28031 31463 28838 10298 26348 13792 23670 19196 11695 22540 31093 4637 10317 25079 19602 28241 12962 1279 18193 4129 6874 7511 20363 18923 7800 16647 16107 11744 27986 14058 23921 30213 12178 29614 26803 
6704 30152 28154 19415 1196 13616 1956 18170 8429 12661 25557 3908 16998 1012 17296 876 30918 12605 16190 22837 4399 5483 3415 26480 30909 0 26529 1409 28088 12475 21720 23906 5734 20214 4347 6818 25681 45 19765 17127 28535 2201 15831 8312 17401 27410 2898 12353 25884 26904 21824 11732 22090 30413 15962 3429 4625 18168 23170 30924 2594 16899 15802 24198 11602 3836 28713 23731 25756 2710 31260 20504 5659 19751 23297 19996 6419 11690 3180 10190 17640 13758 31765 25564 27428 11684 8407 19100 22388 5700 22961 22278 19625 10535 3784 17078 2746 23421 5729 31982 17856 24087 18154 13968 13560 6764 28913 20519 963 12183 24362 27614 21671 31574 21356 25734 19790 6668 3252 19859 1925 21694 15903 29469 5182 15384 7666 24546 1165 4968 21396 21570 23981 22177 2449 19521 10235 17240 22680 31879 23032 18889 24445 22626 27978 6353 12598 2241 21178 5364 22497 27705 29238 24152 23995 10499 13264 21447 17449 4602 28860 2479 1713 14496 2132 18980 6144 27161 17686 9179 26597 12078 30627 21808 25428 17226 26560 24096 27491 9086 21592 29774 24142 640 30327 3072 5237 19366 1871 18722 23132 11246 11830 5953 681 761 6308 4496 19240 26890 
28703 8899 3596 26845 1889 12984 5247 9582 1708 7345 16349 420 22751 29930 31600 13654 12521 22377 3780 4107 19779 25726 12291 19851 4161 26529 0 28367 11146 8299 20267 26153 28152 1994 9381 24421 18069 12562 9859 18076 15926 15154 28977 10519 17250 25423 2513 13652 10067 3521 18744 15878 6907 14100 30448 14099 12795 2314 14903 13717 25259 17813 5884 28636 2327 22751 29670 17256 22526 19780 9039 10481 28883 20052 19266 15713 20926 11219 131 16855 22681 21435 11909 6307 18677 23350 11379 16974 17941 30119 11818 26257 21999 31392 19003 20058 24880 25322 31211 24781 13110 18562 7220 11326 29717 26264 26308 23098 14229 8080 250 15997 26672 28163 25326 18426 23575 31165 30312 3289 17963 2238 485 15986 15366 31035 9624 14420 13809 23708 28004 28994 3821 22909 18404 2611 428 15791 101 14671 11159 30006 16872 25078 4040 5706 8995 2235 3599 19544 5247 19043 26863 28672 26905 28904 19359 30742 23746 25722 15115 31908 2049 11898 8659 14820 24590 30334 19017 2632 18646 4434 25716 26995 31996 26100 785 63 8916 3733 4750 2487 14183 14236 26640 27420 9076 15012 15980 12514 11371 3963 10799 31922 31346 19490 9624 8296 7777 12498 
18334 3390 3659 8885 31140 14688 7966 26857 13904 2629 6228 30807 8080 9717 19183 21479 6655 3256 15175 11778 26053 8865 23765 809 14325 1409 28367 0 15557 15098 15347 29245 27213 9339 23564 1868 22462 5972 29628 11451 12439 4758 1927 7006 2782 15960 31348 12044 25627 28338 11276 28578 11610 9155 21599 5119 13869 173 8703 28678 16041 21652 9476 4768 28261 8355 23303 9400 23167 1544 12072 1086 31895 20980 28169 12837 16083 924 22482 24166 27866 14140 4395 25083 17882 15888 9798 16102 27268 3930 5075 8233 27659 18528 15115 22988 17193 14443 27303 28379 20507 20938 23526 2917 24736 13773 12171 31615 11519 11211 28125 17984 20991 10014 4775 4036 23790 17443 30006 10282 17051 19259 26207 3735 24412 11726 6263 25905 10 1603 9562 805 20481 6154 5989 22947 28962 21139 23933 5341 27090 20820 22279 31500 11001 21960 18414 3436 3332 19820 24225 25660 21219 20161 14098 21184 12301 7246 20921 19520 14712 7835 8080 28679 29091 27192 29462 3173 18573 17077 5454 4014 4795 3752 10942 6714 3895 23979 19312 29283 26508 29019 30453 4235 13772 12635 6749 2581 29323 11088 1089 9832 3299 7140 28859 22000 20335 26052 3945 13597 
22962 13384 25824 10371 24321 11532 17814 6929 21882 31780 10224 21652 15080 20780 19760 11376 10624 28706 20390 21364 15974 14596 16010 18653 12084 28088 11146 15557 0 15977 21691 29974 10119 25749 5756 13234 20421 21637 4216 1450 3523 14447 31005 7682 31608 3491 8557 1489 21360 8574 23805 4927 21962 6008 8182 28557 23098 24599 25623 7437 18951 17657 16560 25125 8206 22990 21928 25680 26046 2906 23160 5661 16154 4215 6190 14125 22713 30225 25451 24633 30409 8745 11876 31242 28423 16083 28900 16510 10440 21047 16457 15498 6644 12947 14978 19762 19717 1591 5399 9363 24844 17287 5153 16857 1708 14845 4173 31304 30493 1572 28893 30263 3882 5277 14247 11792 11058 10270 27668 26450 17707 21357 13089 17295 26010 31849 14945 11886 10652 23554 18169 26281 14816 30780 12195 1040 22186 12335 22955 25220 20946 11529 16885 16380 3778 28171 28916 8580 31868 18568 2484 24376 10897 23529 13521 10829 11050 8363 14461 31496 11011 22878 26238 10437 25962 9383 10285 20209 11589 26687 28536 25872 24073 26098 19425 12984 28099 11425 21884 19603 24851 6977 15349 8289 20011 25561 15751 26099 23764 4487 11526 12593 18793 29563 27606 23828 24282 15098 29424 8365 
751 26634 1541 3994 14073 20655 30178 19184 2746 19250 5272 31076 17548 12049 17677 15503 1408 24562 13287 1607 22435 1330 30762 26503 21230 12475 8299 15098 15977 0 24269 1837 10265 11606 16250 19612 28822 19409 13988 26953 3159 6611 19153 21153 2193 29756 23911 6003 21342 23885 10930 23798 14524 26544 17379 27330 22157 17773 6926 7892 11160 16116 29738 27278 2949 14617 30484 25779 9443 12818 8331 14190 1061 16761 16948 9803 2719 6991 4502 4410 29836 2550 5662 28306 24330 28981 13595 22283 14618 22326 11969 29633 19620 21130 6952 4151 16752 6435 27213 2128 5933 29783 27919 22358 9581 21218 18738 6134 8614 13283 31838 29249 6449 13021 25888 13995 29004 1974 14054 17167 28699 187 6 6056 12449 2200 9910 18455 9675 9059 28436 2658 8292 28305 30750 9458 18721 9982 14522 147 9877 6632 31918 6519 5181 13299 29607 2866 18548 31525 8758 1982 22398 5353 25037 23160 11648 13328 28612 28191 3716 12490 24153 17370 6521 30384 6826 29489 18480 5052 26300 13842 28511 9037 26742 22221 16032 25383 6822 16919 14961 11632 19705 30730 17716 27827 13062 6945 7216 12511 21058 23359 20877 6728 4364 4264 22618 26019 10146 8453 
599 22573 6669 14487 15242 20223 31576 26637 19771 18357 30656 14930 31927 3669 27342 26341 23598 16716 2007 26663 7411 6877 20760 14491 4607 21720 20267 15347 21691 24269 0 15660 1249 6833 26051 3670 1020 11432 1681 19413 14593 14935 15345 29354 14558 24055 7883 457 22005 14008 636 28188 10524 24508 31444 16511 2204 31770 26645 29891 3636 12510 25080 5293 5910 7941 18089 8183 16614 27779 13512 8523 27840 18239 3688 8781 16176 22035 29457 11920 6714 18383 20160 21404 9041 18996 17635 9201 17249 4091 16223 11772 9928 18381 26764 2085 14166 11083 12598 17603 9555 27909 17564 292 24183 19076 6002 20616 6641 31298 22752 21540 18018 15791 1154 10529 7905 20268 19047 27548 6390 28945 10773 17062 28065 26536 23169 20035 8019 30257 23577 13932 25841 25822 27836 8719 17622 31447 4286 14860 31951 1845 1767 11319 5918 20232 21618 9563 21114 10323 17680 21554 15627 24332 24293 27760 8048 18974 28295 9143 1467 15465 1027 11170 15473 3519 26330 15804 22156 5350 12542 5512 10107 11675 12503 27257 16414 13706 31554 504 30668 3161 27534 5219 26959 4252 6783 25866 27877 9696 24141 15409 8510 12706 22948 23315 24450 6998 27044 3548 
8080 2004 25912 28808 23816 8116 5088 9129 6345 26977 2442 18982 22238 27684 20666 17879 7333 20802 1418 14294 24895 3136 19182 24946 4043 23906 26153 29245 29974 1837 15660 0 30261 15267 16040 10848 18781 8938 11618 15501 2843 26656 9901 2676 1397 1992 31088 27194 19892 31023 17879 18381 18277 20323 27471 4061 7002 6964 7565 14558 15015 30522 20361 18696 25767 5072 18556 19800 9205 7186 5350 23693 17780 19939 2443 6700 26441 28906 18034 11646 28637 22161 14821 19853 4316 22278 6005 15148 15929 22331 23284 15853 16424 17894 20858 10793 9251 7042 3425 23292 16359 22349 26186 15175 14197 2889 2839 14766 29714 18236 25583 20888 12360 12465 13118 2867 26084 28150 30642 28526 25334 14364 1856 8189 15061 18682 28959 14681 18714 27179 8648 27326 14241 28429 16125 27949 30092 13505 17088 873 17216 7982 27735 28922 9062 7935 18768 5421 25580 11937 11383 18195 9219 21063 13282 29566 16927 6886 18663 4360 28155 7482 8225 5901 8851 31424 13168 4013 7465 25787 19190 3020 26946 4144 30491 9747 24743 14571 5771 1517 8805 11640 18228 22155 5581 16428 31561 21984 28021 20506 27971 17831 11575 17951 8155 29017 6190 5336 23314 13369 
1377 10789 7258 12335 1863 22611 1795 510 15904 21229 9915 29100 15019 30728 16498 8806 20241 21889 27541 18051 17833 778 23083 17580 10292 5734 28152 27213 10119 10265 1249 30261 0 19780 2488 7536 4564 11256 9287 6252 19609 14616 20265 7224 7770 29731 20420 8575 8293 4973 23247 20925 24923 29211 6743 3395 25908 11819 9402 23607 7992 2665 2222 1681 28422 123 16699 30239 12944 15062 16828 22402 11804 6854 27106 31791 7749 11369 4529 28526 12024 12980 30592 27230 375 8557 23293 23023 9049 7471 25127 23526 6791 31593 11089 16860 22849 19295 16678 3647 18967 17447 9887 29008 17392 21421 19214 22563 4870 7088 5655 22433 28647 26818 22705 15241 4469 17483 24361 106 4583 24454 25118 20650 1734 9602 3974 4995 29168 11298 424 21760 20632 16413 18464 24068 2372 24319 26590 9539 29133 14886 21798 20295 24162 12485 29585 14956 3206 21988 7946 28644 10509 28766 7378 12980 22818 30690 10877 28084 13380 6130 29938 18578 15940 9959 8558 5584 28744 13546 15233 22721 14539 764 18959 20112 28571 31983 17233 24377 26585 20074 4049 10637 24828 18409 1905 30514 4046 28858 29796 20129 5485 1793 7219 24102 2891 28085 10170 3555 
25225 29532 14416 31046 8470 29076 22221 7827 9872 15165 6022 23447 8265 26707 12065 7694 25369 12161 29995 17465 17066 19942 6833 679 10967 20214 1994 9339 25749 11606 6833 15267 19780 0 23264 26739 15876 12043 2543 26296 29529 3464 20003 5420 20041 19942 28625 14716 19643 23332 27889 7289 11064 5990 31775 30746 23536 22772 4765 3192 4788 31033 21837 1231 13051 18628 12474 3970 25056 3913 16655 21015 33 3743 24860 28470 7713 1474 10071 941 4325 10961 23768 7533 24601 12560 3931 19853 21771 17126 31041 8004 27565 2015 8077 4594 24215 7082 12522 8727 8449 6683 8354 18009 23500 5672 6055 28545 31097 7407 30605 2941 7470 13741 25485 30303 7351 25031 12674 6235 3969 8131 28654 16843 17056 24398 28405 18732 16841 5687 13408 31009 20055 10353 31642 7279 25929 31252 17588 27646 16193 27740 16227 10717 19078 21671 23040 1597 13313 1401 16006 11892 24130 17786 19606 19706 27259 24181 8821 1646 12930 4442 5131 28817 17875 4924 12517 10824 29322 6483 17459 15773 17003 20473 20937 14269 29149 24751 6432 7418 489 27672 3925 26825 8254 4092 25896 6595 16175 23365 3325 7335 2483 25348 9693 24150 23906 12395 4980 18644 
26843 17267 29252 31713 28676 24653 27763 4512 15595 18456 11801 2662 26363 19492 12410 187 9130 22613 18431 6233 6264 22913 1553 12287 24483 4347 9381 23564 5756 16250 26051 16040 2488 23264 0 28339 23959 26259 14434 27774 20104 4217 6316 22450 8949 2867 20412 21393 3647 3485 2125 26131 25850 11850 1356 30691 9710 26238 12508 21601 25880 5426 6484 9888 25511 28693 26685 31080 257 7816 29013 17203 14270 7071 9873 20785 12201 19237 6165 22853 11204 29590 31291 28935 4930 15908 11156 5058 27533 12468 8160 5750 25664 14048 29205 14037 18475 7924 25696 5447 1620 5875 21533 12008 11250 12178 17119 26247 28018 23609 21356 1190 9075 29447 19647 10366 16075 11468 5895 23802 23170 7950 14500 4025 13012 17671 24367 2063 8754 31907 22896 29442 10047 2436 5991 26190 25045 1536 10054 20835 6398 29983 15987 2404 11261 17055 13193 16424 9285 12530 31573 4923 10622 26684 13530 30427 1926 30296 5967 19965 10347 18642 286 21063 7539 11499 28389 9750 5654 21146 2679 18551 25344 20359 4058 8495 31761 6416 25927 29109 30559 1094 6191 26421 3889 18671 19250 2957 6403 1923 20008 17745 5255 14128 3866 26312 8095 15064 6727 8686 
